CherepanovFR_WLtargetg.ascii                                                                                                                                                                            
                                                                                
 Time explicit
 Intervalnr            1
           2
   650.000000      0.636900008    
   650.929993      0.719799995    
   651.859924      0.758499980    
   652.789917      0.760999978    
   653.719910      0.739199996    
   654.649780      0.706600010    
   655.579773      0.754800022    
   656.509827      0.794399977    
   657.439819      0.771300018    
   658.369812      0.755800009    
   659.299683      0.769699991    
   660.229675      0.794700027    
   661.159729      0.838500023    
   662.089722      0.880999982    
   663.019714      0.878400028    
   663.949585      0.854200006    
   664.879578      0.761500001    
   665.809570      0.743600011    
   666.739624      0.825500011    
   667.669495      0.935000002    
   668.599487      0.995299995    
   669.529480       1.02400005    
   670.459473       1.09099996    
   671.389404       1.05999994    
   672.319397       1.02300000    
   673.249390      0.999899983    
   674.179321      0.992600024    
   675.109314       1.00300002    
   676.039307      0.985899985    
   676.969299      0.985400021    
   677.899170       1.02300000    
   678.829224       1.12500000    
   679.759216       1.15100002    
   680.689087       1.05999994    
   681.619080      0.836499989    
   682.549072      0.785799980    
   683.479126      0.943700016    
   684.409119       1.11399996    
   685.339111       1.12399995    
   686.268982       1.02499998    
   687.198975      0.895200014    
   688.129028      0.749700010    
   689.059021      0.492500007    
   689.988892      0.219500005    
   690.918884     -0.217500001    
   691.848877     -0.730499983    
   692.778870      -1.21500003    
   693.708801      -1.76499999    
   694.638794      -2.23600006    
   695.568787      -2.65899992    
   696.498718      -3.17600012    
   697.428711      -3.70900011    
   698.358704      -4.15100002    
   699.288574      -4.71000004    
   700.218628      -5.12400007    
   701.148621      -5.27400017    
   702.078613      -5.44600010    
   703.008484      -5.57499981    
   703.938477      -5.78700018    
   704.868530      -6.03999996    
   705.798523      -6.09000015    
   706.728516      -6.12500000    
   707.658386      -6.17700005    
   708.588379      -6.17100000    
   709.518372      -6.08199978    
   710.448425      -6.02199984    
   711.378418      -5.97499990    
   712.308289      -5.85500002    
   713.238281      -5.61100006    
   714.168274      -5.41300011    
   715.098328      -5.12300014    
   716.028198      -4.81300020    
   716.958191      -4.67199993    
   717.888184      -4.49599981    
   718.818115      -4.28999996    
   719.748108      -4.03900003    
   720.678101      -3.73799992    
   721.607971      -3.46600008    
   722.538025      -3.24600005    
   723.468018      -3.00699997    
   724.398010      -2.86999989    
   725.327881      -2.77999997    
   726.257874      -2.62400007    
   727.187927      -2.37500000    
   728.117920      -2.18199992    
   729.047913      -2.15899992    
   729.977783      -2.00999999    
   730.907776      -1.92499995    
   731.837830      -1.77699995    
   732.767822      -1.69000006    
   733.697815      -1.61800003    
   734.627686      -1.54900002    
   735.557678      -1.42600000    
   736.487671      -1.28199995    
   737.417603      -1.20299995    
   738.347595      -1.07599998    
   739.277588     -0.996299982    
   740.207520     -0.950299978    
   741.137512     -0.945500016    
   742.067505     -0.824199975    
   742.997498     -0.722800016    
   743.927429     -0.644999981    
   744.857422     -0.633599997    
   745.787415     -0.565900028    
   746.717407     -0.442000002    
   747.647278     -0.339599997    
   748.577271     -0.223499998    
   749.507324     -0.176300004    
   750.437317     -0.106200002    
   751.367188      -5.94400018E-02
   752.297180       3.27299982E-02
   753.227173       9.60099995E-02
   754.157227      0.130899996    
   755.087219      0.150500000    
   756.017212       9.82299969E-02
   756.947083      -1.81600004E-02
   757.877075     -0.146699995    
   758.807129     -0.257900000    
   759.737000     -0.253399998    
   760.666992     -0.194199994    
   761.596985     -0.142600000    
   762.526978     -0.102799997    
   763.456909      -6.60400018E-02
   764.386902      -3.24699990E-02
   765.316895       3.19800004E-02
   766.246826       6.37099966E-02
   767.176819       8.92200023E-02
   768.106812       4.79400009E-02
   769.036682      -8.55700020E-03
   769.966675      -6.81800023E-02
   770.896729      -3.39699984E-02
   771.826721       2.58499999E-02
   772.756714       7.40699992E-02
   773.686584       9.47799981E-02
   774.616577       7.75000006E-02
   775.546570       9.38699991E-02
   776.476624      0.112300001    
   777.406616       9.59300026E-02
   778.336487       5.94099984E-02
   779.266479       6.76100031E-02
   780.196472       7.81999975E-02
   781.126526       8.38999972E-02
   782.056396      0.109099999    
   782.986389      0.122699998    
   783.916382       9.56600010E-02
   784.846313       6.08199984E-02
   785.776306       2.50199996E-02
   786.706299      -2.29499992E-02
   787.636292      -2.44299993E-02
   788.566223       1.59300007E-02
   789.496216       6.68099970E-02
   790.426208      0.128099993    
   791.356079      0.201900005    
   792.286072      0.232500002    
   793.216125      0.252400011    
   794.146118      0.258899987    
   795.075989      0.265899986    
   796.005981      0.333799988    
   796.935974      0.426899999    
   797.866028      0.404300004    
   798.796021      0.381799996    
   799.726013      0.305400014    
   800.655884      0.251199991    
   801.585876      0.251199991    
   802.515930      0.177000001    
   803.445923      0.172900006    
   804.375793      0.267600000    
   805.305786      0.350600004    
   806.235779      0.300399989    
   807.165710      0.254000008    
   808.095703      0.223800004    
   809.025696      0.162000000    
   809.955688      0.125499994    
   810.885620      0.167199999    
   811.815613      0.236800000    
   812.745605      0.324400008    
   813.675476      0.410499990    
   814.605530      0.477299988    
   815.535522      0.449200004    
   816.465515      0.393900007    
   817.395386      0.389899999    
   818.325378      0.432900012    
   819.255371      0.511600018    
   820.185425      0.672100008    
