CherepanovFR_WLtargeti.ascii                                                                                                                                                                            
                                                                                
 Time explicit
 Intervalnr            1
           4
   650.000000       1.10699999    
   650.929993       1.11899996    
   651.859924       1.19299996    
   652.789917       1.20400000    
   653.719910       1.32400000    
   654.649780       1.37399995    
   655.579773       1.38600004    
   656.509827       1.37199998    
   657.439819       1.31500006    
   658.369812       1.26199996    
   659.299683       1.30400002    
   660.229675       1.26800001    
   661.159729       1.30900002    
   662.089722       1.35899997    
   663.019714       1.40999997    
   663.949585       1.33599997    
   664.879578       1.30900002    
   665.809570       1.25699997    
   666.739624       1.32599998    
   667.669495       1.25899994    
   668.599487       1.22000003    
   669.529480       1.10200000    
   670.459473       1.03199995    
   671.389404       1.02600002    
   672.319397      0.960399985    
   673.249390      0.731500030    
   674.179321      0.744899988    
   675.109314      0.768499970    
   676.039307      0.691200018    
   676.969299      0.449299991    
   677.899170      0.392600000    
   678.829224       1.02100000E-02
   679.759216     -0.283699989    
   680.689087     -0.454499990    
   681.619080     -0.765600026    
   682.549072     -0.701600015    
   683.479126      -1.04299998    
   684.409119      -1.72099996    
   685.339111      -2.47000003    
   686.268982      -3.59100008    
   687.198975      -4.19600010    
   688.129028      -4.80000019    
   689.059021      -5.28000021    
   689.988892      -5.75199986    
   690.918884      -6.03100014    
   691.848877      -6.32299995    
   692.778870      -6.40000010    
   693.708801      -6.61600018    
   694.638794      -6.69099998    
   695.568787      -6.56300020    
   696.498718      -6.51300001    
   697.428711      -6.37500000    
   698.358704      -6.07900000    
   699.288574      -5.87300014    
   700.218628      -5.42600012    
   701.148621      -5.20400000    
   702.078613      -4.84499979    
   703.008484      -4.45499992    
   703.938477      -4.01999998    
   704.868530      -3.69799995    
   705.798523      -3.38400006    
   706.728516      -3.13199997    
   707.658386      -2.98499990    
   708.588379      -2.91899991    
   709.518372      -2.70400000    
   710.448425      -2.34800005    
   711.378418      -2.19199991    
   712.308289      -2.02900004    
   713.238281      -1.90199995    
   714.168274      -1.67400002    
   715.098328      -1.41900003    
   716.028198      -1.15300000    
   716.958191      -1.05400002    
   717.888184      -1.05400002    
   718.818115      -1.09500003    
   719.748108      -1.04299998    
   720.678101     -0.824500024    
   721.607971     -0.579599977    
   722.538025     -0.563000023    
   723.468018     -0.573300004    
   724.398010     -0.621999979    
   725.327881     -0.786599994    
   726.257874     -0.707799971    
   727.187927     -0.535700023    
   728.117920     -0.498800009    
   729.047913     -0.525900006    
   729.977783     -0.480199993    
   730.907776     -0.383599997    
   731.837830     -0.362599999    
   732.767822     -0.260300010    
   733.697815     -0.125100002    
   734.627686      -4.40200008E-02
   735.557678      0.123700000    
   736.487671      0.194100007    
   737.417603      0.111400001    
   738.347595      -8.69800001E-02
   739.277588     -0.116300002    
   740.207520     -0.140200004    
   741.137512     -0.224299997    
   742.067505     -0.287800014    
   742.997498     -0.360100001    
   743.927429     -0.349999994    
   744.857422     -0.371399999    
   745.787415     -0.338099986    
   746.717407     -0.256599993    
   747.647278     -0.290199995    
   748.577271     -0.412200004    
   749.507324     -0.513700008    
   750.437317     -0.425599992    
   751.367188     -0.349500000    
   752.297180     -0.320800006    
   753.227173     -0.233700007    
   754.157227     -0.124600001    
   755.087219       2.65299994E-02
   756.017212      0.151800007    
   756.947083      0.203700006    
   757.877075      0.131300002    
   758.807129       7.84099996E-02
   759.737000      -4.73200018E-03
   760.666992      -1.83300003E-02
   761.596985       1.30700003E-02
   762.526978      0.175099999    
   763.456909      0.288300008    
   764.386902      0.316799998    
   765.316895      0.189400002    
   766.246826       3.05000003E-02
   767.176819      -6.45200014E-02
   768.106812     -0.144500002    
   769.036682     -0.120800003    
   769.966675     -0.105300002    
   770.896729      -9.94499996E-02
   771.826721      -6.19600005E-02
   772.756714      -1.84400007E-02
   773.686584      -1.37599995E-02
   774.616577       4.21199985E-02
   775.546570       9.81300026E-02
   776.476624      0.104900002    
   777.406616      0.123199999    
   778.336487      0.105599999    
   779.266479      0.103900000    
   780.196472       5.26500009E-02
   781.126526      0.144999996    
   782.056396      0.328900009    
   782.986389      0.496499985    
   783.916382      0.475300014    
   784.846313      0.469099998    
   785.776306      0.421600014    
   786.706299      0.490300000    
   787.636292      0.593599975    
   788.566223      0.558200002    
   789.496216      0.576900005    
   790.426208      0.482899994    
   791.356079      0.480399996    
   792.286072      0.505800009    
   793.216125      0.597199976    
   794.146118      0.615400016    
   795.075989      0.611699998    
   796.005981      0.575999975    
   796.935974      0.543299973    
   797.866028      0.575800002    
   798.796021      0.517899990    
   799.726013      0.429199994    
   800.655884      0.364199996    
   801.585876      0.308999985    
   802.515930      0.262300014    
   803.445923      0.241600007    
   804.375793      0.281399995    
   805.305786      0.349500000    
   806.235779      0.279199988    
   807.165710       9.72699970E-02
   808.095703      -3.23899984E-02
   809.025696     -0.105899997    
   809.955688     -0.134100005    
   810.885620     -0.174700007    
   811.815613     -0.118400000    
   812.745605      -8.97800028E-02
   813.675476     -0.129099995    
   814.605530      -1.76599994E-02
   815.535522       6.02900013E-02
   816.465515       7.69199990E-03
   817.395386     -0.102100000    
   818.325378     -0.166899994    
   819.255371     -0.178399995    
   820.185425     -0.229200006    
