CherepanovFR_WLtargeto.ascii                                                                                                                                                                            
                                                                                
 Time explicit
 Intervalnr            1
          10
   650.000000       1.18599999    
   650.929993       1.29200006    
   651.859924       1.38699996    
   652.789917       1.45599997    
   653.719910       1.53499997    
   654.649780       1.55400002    
   655.579773       1.47200000    
   656.509827       1.39800000    
   657.439819       1.28100002    
   658.369812       1.30499995    
   659.299683       1.36000001    
   660.229675       1.34500003    
   661.159729       1.35399997    
   662.089722       1.29900002    
   663.019714       1.30100000    
   663.949585       1.25800002    
   664.879578       1.19900000    
   665.809570       1.24500000    
   666.739624       1.18700004    
   667.669495       1.00899994    
   668.599487      0.661599994    
   669.529480      0.356099993    
   670.459473      0.196199998    
   671.389404      0.145799994    
   672.319397      0.107699998    
   673.249390       7.99999982E-02
   674.179321      -9.17600002E-03
   675.109314      -1.91300008E-02
   676.039307     -0.369700015    
   676.969299     -0.745999992    
   677.899170     -0.958800018    
   678.829224      -1.27699995    
   679.759216      -1.77999997    
   680.689087      -2.29299998    
   681.619080      -2.49499989    
   682.549072      -2.88199997    
   683.479126      -3.28500009    
   684.409119      -3.45000005    
   685.339111      -3.54099989    
   686.268982      -3.21499991    
   687.198975      -2.64400005    
   688.129028      -2.00200009    
   689.059021      -1.33599997    
   689.988892     -0.765299976    
   690.918884      0.186000004    
   691.848877       1.40999997    
   692.778870       2.26399994    
   693.708801       2.85500002    
   694.638794       3.23600006    
   695.568787       3.57599998    
   696.498718       3.66499996    
   697.428711       3.87700009    
   698.358704       3.96300006    
   699.288574       3.85200000    
   700.218628       3.96300006    
   701.148621       3.49799991    
   702.078613       3.03800011    
   703.008484       2.42799997    
   703.938477       1.86099994    
   704.868530       1.61199999    
   705.798523       1.34300005    
   706.728516      0.847999990    
   707.658386      0.103299998    
   708.588379     -0.600600004    
   709.518372      -1.34000003    
   710.448425      -1.92900002    
   711.378418      -2.40899992    
   712.308289      -3.12100005    
   713.238281      -4.10599995    
   714.168274      -4.74700022    
   715.098328      -5.34399986    
   716.028198      -5.95900011    
   716.958191      -6.73500013    
   717.888184      -7.41200018    
   718.818115      -7.88899994    
   719.748108      -8.30099964    
   720.678101      -8.52900028    
   721.607971      -8.64299965    
   722.538025      -8.84700012    
   723.468018      -9.15600014    
   724.398010      -9.35999966    
   725.327881      -9.52499962    
   726.257874      -9.45499992    
   727.187927      -9.28100014    
   728.117920      -9.15799999    
   729.047913      -8.80599976    
   729.977783      -8.62300014    
   730.907776      -8.35999966    
   731.837830      -8.29599953    
   732.767822              -8
   733.697815      -7.72800016    
   734.627686      -7.50000000    
   735.557678      -7.29600000    
   736.487671      -7.12400007    
   737.417603      -7.15199995    
   738.347595      -7.14900017    
   739.277588      -6.94399977    
   740.207520      -6.75799990    
   741.137512      -6.51900005    
   742.067505      -6.38100004    
   742.997498      -6.19899988    
   743.927429      -6.07800007    
   744.857422      -5.77699995    
   745.787415      -5.61899996    
   746.717407      -5.40399981    
   747.647278      -5.26000023    
   748.577271      -5.08900023    
   749.507324      -4.97499990    
   750.437317      -4.74599981    
   751.367188      -4.60400009    
   752.297180      -4.48000002    
   753.227173      -4.25199986    
   754.157227      -3.94700003    
   755.087219      -3.57100010    
   756.017212      -3.01399994    
   756.947083      -2.59299994    
   757.877075      -2.38100004    
   758.807129      -2.18400002    
   759.737000      -2.07399988    
   760.666992      -2.02500010    
   761.596985      -1.95200002    
   762.526978      -1.77199996    
   763.456909      -1.60300004    
   764.386902      -1.56400001    
   765.316895      -1.78799999    
   766.246826      -1.86899996    
   767.176819      -1.97899997    
   768.106812      -2.00900006    
   769.036682      -1.79299998    
   769.966675      -1.79100001    
   770.896729      -1.72500002    
   771.826721      -1.76100004    
   772.756714      -1.78600001    
   773.686584      -1.83200002    
   774.616577      -1.81599998    
   775.546570      -1.60599995    
   776.476624      -1.75300002    
   777.406616      -1.84599996    
   778.336487      -1.93599999    
   779.266479      -1.89699996    
   780.196472      -1.85500002    
   781.126526      -1.71500003    
   782.056396      -1.51100004    
   782.986389      -1.37600005    
   783.916382      -1.35000002    
   784.846313      -1.25800002    
   785.776306      -1.11300004    
   786.706299     -0.955399990    
   787.636292     -0.752399981    
   788.566223     -0.760800004    
   789.496216     -0.857699990    
   790.426208      -1.04299998    
   791.356079      -1.10300004    
   792.286072     -0.936800003    
   793.216125     -0.724500000    
   794.146118     -0.555599988    
   795.075989     -0.414400011    
   796.005981     -0.442000002    
   796.935974     -0.593999982    
   797.866028     -0.616900027    
   798.796021     -0.621800005    
   799.726013     -0.627699971    
   800.655884     -0.617399991    
   801.585876     -0.704699993    
   802.515930     -0.624100029    
   803.445923     -0.619799972    
   804.375793     -0.620899975    
   805.305786     -0.748300016    
   806.235779     -0.727199972    
   807.165710     -0.676900029    
   808.095703     -0.570900023    
   809.025696     -0.431199998    
   809.955688     -0.268200010    
   810.885620     -0.179499999    
   811.815613     -0.115099996    
   812.745605     -0.179199994    
   813.675476     -0.273299992    
   814.605530     -0.276600003    
   815.535522     -0.313199997    
   816.465515     -0.349000007    
   817.395386     -0.553200006    
   818.325378     -0.705100000    
   819.255371     -0.646700025    
   820.185425     -0.820500016    
