CherepanovFR_WLtargetl.ascii                                                                                                                                                                            
                                                                                
 Time explicit
 Intervalnr            1
           7
   650.000000       2.23699999    
   650.929993       2.39499998    
   651.859924       2.41899991    
   652.789917       2.46399999    
   653.719910       2.45300007    
   654.649780       2.37199998    
   655.579773       2.35299993    
   656.509827       2.22700000    
   657.439819       2.09899998    
   658.369812       1.95000005    
   659.299683       1.67200005    
   660.229675       1.33899999    
   661.159729       1.20899999    
   662.089722       1.06500006    
   663.019714      0.920599997    
   663.949585      0.614799976    
   664.879578      0.362500012    
   665.809570       5.84300011E-02
   666.739624     -0.371899992    
   667.669495     -0.726199985    
   668.599487      -1.02100003    
   669.529480      -1.34000003    
   670.459473      -1.65100002    
   671.389404      -1.97800004    
   672.319397      -2.30599999    
   673.249390      -2.83699989    
   674.179321      -3.39000010    
   675.109314      -3.91700006    
   676.039307      -4.70800018    
   676.969299      -6.15700006    
   677.899170      -6.79899979    
   678.829224      -8.69400024    
   679.759216      -9.82199955    
   680.689087      -10.3699999    
   681.619080      -11.3900003    
   682.549072      -11.3199997    
   683.479126      -11.4200001    
   684.409119      -11.1400003    
   685.339111      -10.3900003    
   686.268982      -9.49600029    
   687.198975      -8.36299992    
   688.129028      -7.45100021    
   689.059021      -6.44000006    
   689.988892      -5.34800005    
   690.918884      -4.16900015    
   691.848877      -3.71700001    
   692.778870      -2.53399992    
   693.708801      -1.88600004    
   694.638794      -1.32099998    
   695.568787     -0.760399997    
   696.498718               0
   697.428711               0
   698.358704               0
   699.288574               0
   700.218628               0
   701.148621               0
   702.078613               0
   703.008484               0
   703.938477               0
   704.868530               0
   705.798523               0
   706.728516               0
   707.658386               0
   708.588379               0
   709.518372               0
   710.448425               0
   711.378418               0
   712.308289               0
   713.238281               0
   714.168274               0
   715.098328               0
   716.028198               0
   716.958191               0
   717.888184               0
   718.818115               0
   719.748108               0
   720.678101               0
   721.607971               0
   722.538025               0
   723.468018               0
   724.398010               0
   725.327881               0
   726.257874               0
   727.187927               0
   728.117920               0
   729.047913               0
   729.977783               0
   730.907776               0
   731.837830               0
   732.767822               0
   733.697815               0
   734.627686               0
   735.557678               0
   736.487671               0
   737.417603               0
   738.347595               0
   739.277588               0
   740.207520               0
   741.137512               0
   742.067505               0
   742.997498               0
   743.927429               0
   744.857422               0
   745.787415               0
   746.717407               0
   747.647278               0
   748.577271               0
   749.507324               0
   750.437317               0
   751.367188               0
   752.297180               0
   753.227173               0
   754.157227               0
   755.087219               0
   756.017212               0
   756.947083               0
   757.877075               0
   758.807129               0
   759.737000               0
   760.666992     -0.470099986    
   761.596985     -0.301800013    
   762.526978     -0.216299996    
   763.456909     -0.117100000    
   764.386902      -1.70900002E-02
   765.316895      0.101800002    
   766.246826      0.151400000    
   767.176819      0.128299996    
   768.106812      0.175999999    
   769.036682       2.99800001E-02
   769.966675       4.82300017E-03
   770.896729      -8.43899995E-02
   771.826721       1.76100004E-02
   772.756714       3.42999995E-02
   773.686584       3.82400006E-02
   774.616577       2.55600009E-02
   775.546570      -2.21500010E-03
   776.476624      0.153500006    
   777.406616      0.243399993    
   778.336487      0.268299997    
   779.266479      0.233300000    
   780.196472      0.252900004    
   781.126526      0.330500007    
   782.056396      0.377499998    
   782.986389      0.387400001    
   783.916382      0.385399997    
   784.846313      0.231199995    
   785.776306      -2.45900005E-02
   786.706299     -0.221300006    
   787.636292     -0.403100014    
   788.566223     -0.277000010    
   789.496216     -0.210500002    
   790.426208      0.178499997    
   791.356079      0.358300000    
   792.286072      0.352299988    
   793.216125      0.243900001    
   794.146118      0.249699995    
   795.075989      0.290699989    
   796.005981      0.444400012    
   796.935974      0.628899992    
   797.866028      0.657500029    
   798.796021      0.737699986    
   799.726013      0.701900005    
   800.655884      0.726199985    
   801.585876      0.752099991    
   802.515930      0.722599983    
   803.445923      0.773299992    
   804.375793      0.847100019    
   805.305786      0.897499979    
   806.235779       1.05200005    
   807.165710       1.19599998    
   808.095703       1.17400002    
   809.025696      0.920400023    
   809.955688      0.756500006    
   810.885620      0.663299978    
   811.815613      0.535200000    
   812.745605      0.397199988    
   813.675476      0.523500025    
   814.605530      0.543500006    
   815.535522      0.514999986    
   816.465515      0.459899992    
   817.395386      0.914099991    
   818.325378       1.40100002    
   819.255371       1.72099996    
   820.185425       2.36400008    
