CherepanovFR_WLtargetq.ascii                                                                                                                                                                            
                                                                                
 Time explicit
 Intervalnr            1
          12
   650.000000      -5.32299988E-02
   650.929993      -9.39500034E-02
   651.859924      -9.98099968E-02
   652.789917     -0.100800000    
   653.719910     -0.105400003    
   654.649780     -0.116599999    
   655.579773     -0.122599997    
   656.509827      -4.98399995E-02
   657.439819       7.03299977E-03
   658.369812       4.48100008E-02
   659.299683       9.18899998E-02
   660.229675      0.109800003    
   661.159729      0.122100003    
   662.089722      0.126699999    
   663.019714      0.133599997    
   663.949585      0.127200007    
   664.879578       8.78700018E-02
   665.809570       4.65099998E-02
   666.739624       3.85399982E-02
   667.669495       1.84400007E-02
   668.599487       1.01199998E-02
   669.529480       2.18599997E-02
   670.459473       1.04599996E-02
   671.389404     -0.115999997    
   672.319397     -0.207200006    
   673.249390     -0.347400010    
   674.179321     -0.555299997    
   675.109314     -0.754000008    
   676.039307     -0.980099976    
   676.969299      -1.17799997    
   677.899170      -1.35000002    
   678.829224      -1.44099998    
   679.759216      -1.46399999    
   680.689087      -1.38199997    
   681.619080      -1.25300002    
   682.549072      -1.18700004    
   683.479126      -1.09899998    
   684.409119     -0.914600015    
   685.339111     -0.636500001    
   686.268982     -0.251500010    
   687.198975      0.128999993    
   688.129028      0.541700006    
   689.059021      0.903500021    
   689.988892       1.15900004    
   690.918884       1.32700002    
   691.848877       1.30499995    
   692.778870       1.12199998    
   693.708801      0.881900012    
   694.638794      0.633499980    
   695.568787      0.349000007    
   696.498718      -1.98999997E-02
   697.428711     -0.389699996    
   698.358704     -0.661199987    
   699.288574     -0.875999987    
   700.218628      -1.07200003    
   701.148621      -1.20000005    
   702.078613      -1.29200006    
   703.008484      -1.33200002    
   703.938477      -1.32299995    
   704.868530      -1.34000003    
   705.798523      -1.33200002    
   706.728516      -1.25000000    
   707.658386      -1.20299995    
   708.588379      -1.14300001    
   709.518372      -1.06500006    
   710.448425     -0.977299988    
   711.378418     -0.924099982    
   712.308289     -0.828000009    
   713.238281     -0.779500008    
   714.168274     -0.743200004    
   715.098328     -0.714999974    
   716.028198     -0.695200026    
   716.958191     -0.669600010    
   717.888184     -0.615700006    
   718.818115     -0.567700028    
   719.748108     -0.540899992    
   720.678101     -0.472799987    
   721.607971     -0.455199987    
   722.538025     -0.452699989    
   723.468018     -0.441599995    
   724.398010     -0.410100013    
   725.327881     -0.356799990    
   726.257874     -0.280999988    
   727.187927     -0.264400005    
   728.117920     -0.226099998    
   729.047913     -0.187800005    
   729.977783     -0.132799998    
   730.907776     -0.104500003    
   731.837830     -0.129500002    
   732.767822      -9.29600000E-02
   733.697815      -8.07500035E-02
   734.627686      -6.93200007E-02
   735.557678      -5.02300002E-02
   736.487671      -9.66200046E-03
   737.417603       3.32200006E-02
   738.347595       5.46999983E-02
   739.277588       6.71499968E-02
   740.207520       7.10000023E-02
   741.137512       4.10900004E-02
   742.067505       4.13700007E-02
   742.997498       4.23300005E-02
   743.927429       6.90300018E-02
   744.857422      0.122500002    
   745.787415      0.131099999    
   746.717407      0.191900000    
   747.647278      0.261000007    
   748.577271      0.275900006    
   749.507324      0.282900006    
   750.437317      0.280299991    
   751.367188      0.276800007    
   752.297180      0.268299997    
   753.227173      0.256700009    
   754.157227      0.288599998    
   755.087219      0.319700003    
   756.017212      0.353199989    
   756.947083      0.343100011    
   757.877075      0.297399998    
   758.807129      0.356700003    
   759.737000      0.443699986    
   760.666992      0.453700006    
   761.596985      0.464599997    
   762.526978      0.431400001    
   763.456909      0.377099991    
   764.386902      0.320100009    
   765.316895      0.333799988    
   766.246826      0.343300015    
   767.176819      0.329100013    
   768.106812      0.305900007    
   769.036682      0.243599996    
   769.966675      0.196799994    
   770.896729      0.213000000    
   771.826721      0.270999998    
   772.756714      0.294200003    
   773.686584      0.267699987    
   774.616577      0.210500002    
   775.546570      0.167699993    
   776.476624      0.172399998    
   777.406616      0.262899995    
   778.336487      0.327499986    
   779.266479      0.331499994    
   780.196472      0.242200002    
   781.126526      0.163800001    
   782.056396      0.130600005    
   782.986389      0.193200007    
   783.916382      0.251599997    
   784.846313      0.272899985    
   785.776306      0.239999995    
   786.706299      0.190400004    
   787.636292      0.173800007    
   788.566223      0.255499989    
   789.496216      0.362800002    
   790.426208      0.382299989    
   791.356079      0.349200010    
   792.286072      0.256799996    
   793.216125      0.195199996    
   794.146118      0.168200001    
   795.075989      0.213699996    
   796.005981      0.251599997    
   796.935974      0.324800014    
   797.866028      0.373400003    
   798.796021      0.407799989    
   799.726013      0.422600001    
   800.655884      0.418199986    
   801.585876      0.401199996    
   802.515930      0.407400012    
   803.445923      0.380299985    
   804.375793      0.367100000    
   805.305786      0.361999989    
   806.235779      0.342400014    
   807.165710      0.330000013    
   808.095703      0.233199999    
   809.025696      0.189999998    
   809.955688      0.180000007    
   810.885620      0.175400004    
   811.815613      0.247899994    
   812.745605      0.303299993    
   813.675476      0.316100001    
   814.605530      0.320899993    
   815.535522      0.267199993    
   816.465515      0.202600002    
   817.395386      0.218799993    
   818.325378      0.302399993    
   819.255371      0.395300001    
   820.185425      0.454600006    
