CherepanovFR_WLtargetp.ascii                                                                                                                                                                            
                                                                                
 Time explicit
 Intervalnr            1
          11
   650.000000       1.16499996    
   650.929993       1.22300005    
   651.859924       1.23399997    
   652.789917       1.24199998    
   653.719910       1.24600005    
   654.649780       1.26999998    
   655.579773       1.27199996    
   656.509827       1.18900001    
   657.439819      0.989899993    
   658.369812      0.945100009    
   659.299683      0.994300008    
   660.229675       1.01900005    
   661.159729       1.10300004    
   662.089722       1.08099997    
   663.019714       1.08099997    
   663.949585      0.991999984    
   664.879578      0.957400024    
   665.809570      0.748099983    
   666.739624      0.643400013    
   667.669495      0.484299988    
   668.599487      0.393599987    
   669.529480      0.192699999    
   670.459473       4.90499996E-02
   671.389404     -0.147300005    
   672.319397     -0.352999985    
   673.249390     -0.681800008    
   674.179321      -1.10099995    
   675.109314      -1.56900001    
   676.039307      -1.80900002    
   676.969299      -1.89100003    
   677.899170      -2.12100005    
   678.829224      -2.47300005    
   679.759216      -2.59100008    
   680.689087      -2.52699995    
   681.619080      -2.71700001    
   682.549072      -2.82500005    
   683.479126      -3.20300007    
   684.409119      -3.64000010    
   685.339111      -3.77300000    
   686.268982      -3.78900003    
   687.198975      -3.80299997    
   688.129028      -3.84500003    
   689.059021      -3.98200011    
   689.988892      -4.08500004    
   690.918884      -4.24900007    
   691.848877      -4.54699993    
   692.778870      -4.59600019    
   693.708801      -4.76300001    
   694.638794      -4.90999985    
   695.568787      -5.07700014    
   696.498718      -5.34299994    
   697.428711      -5.57900000    
   698.358704      -6.02699995    
   699.288574      -6.28800011    
   700.218628      -6.48600006    
   701.148621      -6.49200010    
   702.078613      -6.44799995    
   703.008484      -6.37300014    
   703.938477      -6.23699999    
   704.868530      -6.23600006    
   705.798523      -6.48099995    
   706.728516      -6.66599989    
   707.658386      -6.74800014    
   708.588379      -6.84999990    
   709.518372      -7.08900023    
   710.448425      -7.28999996    
   711.378418      -7.49599981    
   712.308289      -7.66599989    
   713.238281      -7.82999992    
   714.168274      -8.01700020    
   715.098328      -8.25800037    
   716.028198      -8.44799995    
   716.958191      -8.65699959    
   717.888184      -8.75899982    
   718.818115      -8.68700027    
   719.748108      -8.64000034    
   720.678101      -8.61999989    
   721.607971      -8.52400017    
   722.538025      -8.46300030    
   723.468018      -8.39400005    
   724.398010      -8.13500023    
   725.327881      -7.89599991    
   726.257874      -7.80200005    
   727.187927      -7.73799992    
   728.117920      -7.37900019    
   729.047913      -7.20400000    
   729.977783      -6.92000008    
   730.907776      -6.82999992    
   731.837830      -6.79300022    
   732.767822      -6.64900017    
   733.697815      -6.35599995    
   734.627686      -6.19299984    
   735.557678      -6.09299994    
   736.487671      -6.00299978    
   737.417603      -5.62699986    
   738.347595      -5.09499979    
   739.277588      -4.54400015    
   740.207520      -4.06899977    
   741.137512      -3.61800003    
   742.067505      -3.12299991    
   742.997498      -2.56299996    
   743.927429      -1.91700006    
   744.857422      -1.35599995    
   745.787415     -0.747500002    
   746.717407     -0.121200003    
   747.647278      0.482800007    
   748.577271      0.942700028    
   749.507324       1.09899998    
   750.437317       1.21700001    
   751.367188       1.36300004    
   752.297180       1.64999998    
   753.227173       2.04200006    
   754.157227       2.50500011    
   755.087219       2.89199996    
   756.017212       3.28399992    
   756.947083       3.31699991    
   757.877075       3.24699998    
   758.807129       3.18000007    
   759.737000       3.07999992    
   760.666992       2.87899995    
   761.596985       2.68799996    
   762.526978       2.52099991    
   763.456909       2.45900011    
   764.386902       2.53399992    
   765.316895       2.66000009    
   766.246826       2.79299998    
   767.176819       2.78399992    
   768.106812       2.99099994    
   769.036682       3.09599996    
   769.966675       3.23300004    
   770.896729       3.35599995    
   771.826721       3.50799990    
   772.756714       3.46000004    
   773.686584       3.50000000    
   774.616577       3.50099993    
   775.546570       3.56100011    
   776.476624       3.66799998    
   777.406616       3.78900003    
   778.336487       3.81399989    
   779.266479       3.70099998    
   780.196472       3.65000010    
   781.126526       3.61199999    
   782.056396       3.45900011    
   782.986389       3.40000010    
   783.916382       3.30800009    
   784.846313       3.16499996    
   785.776306       2.99499989    
   786.706299       2.91199994    
   787.636292       2.81100011    
   788.566223       2.63499999    
   789.496216       2.74000001    
   790.426208       2.90100002    
   791.356079       2.91799998    
   792.286072       2.72900009    
   793.216125       2.61500001    
   794.146118       2.43400002    
   795.075989       2.28399992    
   796.005981       2.24499989    
   796.935974       2.11800003    
   797.866028       1.98099995    
   798.796021       2.00399995    
   799.726013       2.11800003    
   800.655884       2.16400003    
   801.585876       2.18199992    
   802.515930       2.20400000    
   803.445923       1.97200000    
   804.375793       1.79200006    
   805.305786       1.74399996    
   806.235779       1.66700006    
   807.165710       1.80499995    
   808.095703       1.79700005    
   809.025696       1.76800001    
   809.955688       1.84000003    
   810.885620       1.82000005    
   811.815613       1.74699998    
   812.745605       1.87699997    
   813.675476       1.82099998    
   814.605530       1.78100002    
   815.535522       1.64400005    
   816.465515       1.47399998    
   817.395386       1.45799994    
   818.325378       1.72899997    
   819.255371       1.98199999    
   820.185425       2.32800007    
