CherepanovFR_WLtargett.ascii                                                                                                                                                                            
                                                                                
 Time explicit
 Intervalnr            1
          15
   650.000000     -0.719799995    
   650.929993     -0.752399981    
   651.859924     -0.758000016    
   652.789917     -0.796500027    
   653.719910     -0.767700016    
   654.649780     -0.769400001    
   655.579773     -0.743300021    
   656.509827     -0.747300029    
   657.439819     -0.788100004    
   658.369812     -0.824000001    
   659.299683     -0.854300022    
   660.229675     -0.892099977    
   661.159729     -0.962700009    
   662.089722     -0.966700017    
   663.019714     -0.968400002    
   663.949585     -0.907100022    
   664.879578     -0.847899973    
   665.809570     -0.819299996    
   666.739624     -0.788200021    
   667.669495     -0.759700000    
   668.599487     -0.694199979    
   669.529480     -0.601700008    
   670.459473     -0.569700003    
   671.389404     -0.562200010    
   672.319397     -0.525099993    
   673.249390     -0.492900014    
   674.179321     -0.426800013    
   675.109314     -0.521000028    
   676.039307     -0.662599981    
   676.969299     -0.899999976    
   677.899170      -1.10000002    
   678.829224      -1.36300004    
   679.759216      -1.58599997    
   680.689087      -1.70799994    
   681.619080      -1.85200000    
   682.549072      -1.76900005    
   683.479126      -1.46000004    
   684.409119      -1.09899998    
   685.339111     -0.620299995    
   686.268982     -0.173400000    
   687.198975      0.366400003    
   688.129028      0.776000023    
   689.059021       1.05400002    
   689.988892       1.21399999    
   690.918884       1.21599996    
   691.848877       1.02900004    
   692.778870      0.745400012    
   693.708801      0.450199991    
   694.638794       6.68599978E-02
   695.568787     -0.313400000    
   696.498718     -0.695299983    
   697.428711      -1.03499997    
   698.358704      -1.34000003    
   699.288574      -1.63199997    
   700.218628      -2.02900004    
   701.148621      -2.45700002    
   702.078613      -2.81800008    
   703.008484      -3.08400011    
   703.938477      -3.21099997    
   704.868530      -3.20400000    
   705.798523      -3.10899997    
   706.728516      -2.98000002    
   707.658386      -2.88400006    
   708.588379      -2.79099989    
   709.518372      -2.58800006    
   710.448425      -2.31599998    
   711.378418      -2.05900002    
   712.308289      -1.73300004    
   713.238281      -1.41100001    
   714.168274      -1.17299998    
   715.098328     -0.995199978    
   716.028198     -0.845600009    
   716.958191     -0.676699996    
   717.888184     -0.512199998    
   718.818115     -0.356700003    
   719.748108     -0.224999994    
   720.678101     -0.118100002    
   721.607971     -0.114500001    
   722.538025     -0.223800004    
   723.468018     -0.349400014    
   724.398010     -0.479799986    
   725.327881     -0.579100013    
   726.257874     -0.514599979    
   727.187927     -0.418099999    
   728.117920     -0.360100001    
   729.047913     -0.321999997    
   729.977783     -0.325199991    
   730.907776     -0.377000004    
   731.837830     -0.365900010    
   732.767822     -0.287200004    
   733.697815     -0.211899996    
   734.627686     -0.114900000    
   735.557678      -1.17499996E-02
   736.487671      0.117899999    
   737.417603      0.144299999    
   738.347595      0.167199999    
   739.277588      0.239099994    
   740.207520      0.320899993    
   741.137512      0.458400011    
   742.067505      0.519299984    
   742.997498      0.577199996    
   743.927429      0.549300015    
   744.857422      0.489100009    
   745.787415      0.396400005    
   746.717407      0.303799987    
   747.647278      0.241699994    
   748.577271      0.243599996    
   749.507324      0.309500009    
   750.437317      0.348100007    
   751.367188      0.352800012    
   752.297180      0.317900002    
   753.227173      0.251899987    
   754.157227      0.218400002    
   755.087219      0.253600001    
   756.017212      0.324499995    
   756.947083      0.363900006    
   757.877075      0.432799995    
   758.807129      0.492000014    
   759.737000      0.520299971    
   760.666992      0.578800023    
   761.596985      0.610199988    
   762.526978      0.583400011    
   763.456909      0.559499979    
   764.386902      0.530099988    
   765.316895      0.488900006    
   766.246826      0.462300003    
   767.176819      0.380899996    
   768.106812      0.375099987    
   769.036682      0.308699995    
   769.966675      0.243399993    
   770.896729      0.246299997    
   771.826721      0.250299990    
   772.756714      0.279700011    
   773.686584      0.246800005    
   774.616577      0.216000006    
   775.546570      0.211199999    
   776.476624      0.213900000    
   777.406616      0.263700008    
   778.336487      0.340299994    
   779.266479      0.398600012    
   780.196472      0.357699990    
   781.126526      0.311500013    
   782.056396      0.312400013    
   782.986389      0.386000007    
   783.916382      0.490700006    
   784.846313      0.566100001    
   785.776306      0.611199975    
   786.706299      0.625199974    
   787.636292      0.596499979    
   788.566223      0.524200022    
   789.496216      0.481099993    
   790.426208      0.501999974    
   791.356079      0.523699999    
   792.286072      0.442999989    
   793.216125      0.398400009    
   794.146118      0.329699993    
   795.075989      0.360500008    
   796.005981      0.468400002    
   796.935974      0.546700001    
   797.866028      0.549799979    
   798.796021      0.521899998    
   799.726013      0.526899993    
   800.655884      0.498899996    
   801.585876      0.495499998    
   802.515930      0.497000009    
   803.445923      0.539399981    
   804.375793      0.519599974    
   805.305786      0.554799974    
   806.235779      0.587300003    
   807.165710      0.574999988    
   808.095703      0.563700020    
   809.025696      0.524299979    
   809.955688      0.468400002    
   810.885620      0.412299991    
   811.815613      0.371600002    
   812.745605      0.346199989    
   813.675476      0.316300005    
   814.605530      0.291599989    
   815.535522      0.269800007    
   816.465515      0.276899993    
   817.395386      0.275099993    
   818.325378      0.275000006    
   819.255371      0.283499986    
   820.185425      0.242899999    
