CherepanovFR_WLtargetm.ascii                                                                                                                                                                            
                                                                                
 Time explicit
 Intervalnr            1
           8
   650.000000       2.12400007    
   650.929993       2.18400002    
   651.859924       2.31100011    
   652.789917       2.45600009    
   653.719910       2.43199992    
   654.649780       2.42199993    
   655.579773       2.36800003    
   656.509827       2.29299998    
   657.439819       2.19000006    
   658.369812       2.02999997    
   659.299683       1.87300003    
   660.229675       1.78799999    
   661.159729       1.65100002    
   662.089722       1.52100003    
   663.019714       1.35399997    
   663.949585       1.20500004    
   664.879578       1.09000003    
   665.809570      0.996200025    
   666.739624      0.978999972    
   667.669495      0.973299980    
   668.599487       1.00999999    
   669.529480       1.15300000    
   670.459473       1.34300005    
   671.389404       1.57900000    
   672.319397       1.78199995    
   673.249390       2.12599993    
   674.179321       2.48499990    
   675.109314       2.78600001    
   676.039307       3.17199993    
   676.969299       3.51500010    
   677.899170       3.67100000    
   678.829224       3.87100005    
   679.759216               4
   680.689087       4.07399988    
   681.619080       4.14499998    
   682.549072       4.01100016    
   683.479126       3.81200004    
   684.409119       3.50099993    
   685.339111       3.18099999    
   686.268982       2.87700009    
   687.198975       2.70400000    
   688.129028       2.42700005    
   689.059021       2.15599990    
   689.988892       1.85599995    
   690.918884       1.51300001    
   691.848877      0.952499986    
   692.778870      0.604200006    
   693.708801      0.406100005    
   694.638794      0.313899994    
   695.568787      0.272599995    
   696.498718      0.221799999    
   697.428711      -8.64000001E-04
   698.358704      -9.72900018E-02
   699.288574     -0.172000006    
   700.218628     -0.238999993    
   701.148621     -0.367000014    
   702.078613     -0.590300024    
   703.008484     -0.844799995    
   703.938477      -1.06700003    
   704.868530      -1.25399995    
   705.798523      -1.55200005    
   706.728516      -1.80799997    
   707.658386      -2.07100010    
   708.588379      -2.34999990    
   709.518372      -2.58100009    
   710.448425      -2.66400003    
   711.378418      -2.84800005    
   712.308289      -2.99699998    
   713.238281      -3.27300000    
   714.168274      -3.52699995    
   715.098328      -3.84200001    
   716.028198      -4.12900019    
   716.958191      -4.37699986    
   717.888184      -4.49700022    
   718.818115      -4.76000023    
   719.748108      -4.96899986    
   720.678101      -5.32100010    
   721.607971      -5.77600002    
   722.538025      -6.00899982    
   723.468018      -6.21799994    
   724.398010      -6.41300011    
   725.327881      -6.73600006    
   726.257874      -6.94099998    
   727.187927      -7.25600004    
   728.117920      -7.56199980    
   729.047913      -8.03699970    
   729.977783      -8.52600002    
   730.907776      -8.89500046    
   731.837830      -9.18999958    
   732.767822      -9.48700047    
   733.697815      -9.70600033    
   734.627686      -9.97099972    
   735.557678      -10.1499996    
   736.487671      -10.3199997    
   737.417603      -10.3400002    
   738.347595      -10.4300003    
   739.277588      -10.4399996    
   740.207520      -10.5799999    
   741.137512      -10.6899996    
   742.067505      -10.7299995    
   742.997498      -10.7799997    
   743.927429      -10.8400002    
   744.857422      -10.7700005    
   745.787415      -10.6599998    
   746.717407      -10.5699997    
   747.647278      -10.2900000    
   748.577271      -10.1700001    
   749.507324      -10.0299997    
   750.437317      -9.95400047    
   751.367188      -9.73799992    
   752.297180      -9.59599972    
   753.227173      -9.24800014    
   754.157227      -8.92899990    
   755.087219      -8.65400028    
   756.017212      -8.21500015    
   756.947083      -7.89699984    
   757.877075      -7.59800005    
   758.807129      -7.15100002    
   759.737000      -6.70499992    
   760.666992      -6.36299992    
   761.596985      -5.97200012    
   762.526978      -5.75000000    
   763.456909      -5.54099989    
   764.386902      -5.40000010    
   765.316895      -5.31099987    
   766.246826      -5.14699984    
   767.176819      -4.88299990    
   768.106812      -4.61199999    
   769.036682      -4.31400013    
   769.966675      -3.93400002    
   770.896729      -3.65000010    
   771.826721      -3.33800006    
   772.756714      -3.06100011    
   773.686584      -2.78200006    
   774.616577      -2.58699989    
   775.546570      -2.30399990    
   776.476624      -2.11800003    
   777.406616      -1.86699998    
   778.336487      -1.62600005    
   779.266479      -1.45500004    
   780.196472      -1.37199998    
   781.126526      -1.30299997    
   782.056396      -1.11399996    
   782.986389     -0.854099989    
   783.916382     -0.685999990    
   784.846313     -0.553399980    
   785.776306     -0.461199999    
   786.706299     -0.460399985    
   787.636292     -0.323900014    
   788.566223     -0.215399995    
   789.496216     -0.110900000    
   790.426208      -4.01199982E-02
   791.356079      -4.02299985E-02
   792.286072       3.17699984E-02
   793.216125       9.97299999E-02
   794.146118       7.53699988E-02
   795.075989       8.14199969E-02
   796.005981      0.156800002    
   796.935974      0.259200007    
   797.866028      0.347400010    
   798.796021      0.426899999    
   799.726013      0.502799988    
   800.655884      0.549000025    
   801.585876      0.562699974    
   802.515930      0.575800002    
   803.445923      0.561200023    
   804.375793      0.565900028    
   805.305786      0.479099989    
   806.235779      0.423299998    
   807.165710      0.414299995    
   808.095703      0.406899989    
   809.025696      0.402300000    
   809.955688      0.222599998    
   810.885620       2.76999995E-02
   811.815613       6.90599978E-02
   812.745605       9.37699974E-02
   813.675476      0.104699999    
   814.605530      0.178800002    
   815.535522      0.324600011    
   816.465515      0.458900005    
   817.395386      0.558000028    
   818.325378      0.523199975    
   819.255371      0.480599999    
   820.185425      0.459300011    
