CherepanovFR_WLtargetr.ascii                                                                                                                                                                            
                                                                                
 Time explicit
 Intervalnr            1
          13
   650.000000     -0.610599995    
   650.929993     -0.553499997    
   651.859924     -0.547599971    
   652.789917     -0.552500010    
   653.719910     -0.570599973    
   654.649780     -0.594399989    
   655.579773     -0.614499986    
   656.509827     -0.609799981    
   657.439819     -0.611100018    
   658.369812     -0.607100010    
   659.299683     -0.602999985    
   660.229675     -0.598100007    
   661.159729     -0.561600029    
   662.089722     -0.554199994    
   663.019714     -0.521099985    
   663.949585     -0.503499985    
   664.879578     -0.505800009    
   665.809570     -0.493600011    
   666.739624     -0.516499996    
   667.669495     -0.531700015    
   668.599487     -0.589600027    
   669.529480     -0.650600016    
   670.459473     -0.767799973    
   671.389404     -0.861000001    
   672.319397      -1.02300000    
   673.249390      -1.16199994    
   674.179321      -1.40300000    
   675.109314      -1.65199995    
   676.039307      -1.86199999    
   676.969299      -1.99800003    
   677.899170      -2.10500002    
   678.829224      -2.12800002    
   679.759216      -2.11299992    
   680.689087      -2.10299993    
   681.619080      -2.00500011    
   682.549072      -1.90900004    
   683.479126      -1.74000001    
   684.409119      -1.46599996    
   685.339111      -1.04299998    
   686.268982     -0.598299980    
   687.198975     -0.219999999    
   688.129028      0.121699996    
   689.059021      0.429199994    
   689.988892      0.755800009    
   690.918884      0.992200017    
   691.848877       1.07200003    
   692.778870       1.08800006    
   693.708801      0.937200010    
   694.638794      0.710600019    
   695.568787      0.429300010    
   696.498718       9.05900002E-02
   697.428711     -0.318500012    
   698.358704     -0.695800006    
   699.288574      -1.03199995    
   700.218628      -1.28299999    
   701.148621      -1.45799994    
   702.078613      -1.52499998    
   703.008484      -1.53999996    
   703.938477      -1.52999997    
   704.868530      -1.52699995    
   705.798523      -1.52499998    
   706.728516      -1.45299995    
   707.658386      -1.40499997    
   708.588379      -1.34000003    
   709.518372      -1.27300000    
   710.448425      -1.20099998    
   711.378418      -1.12899995    
   712.308289      -1.10699999    
   713.238281      -1.02999997    
   714.168274     -0.975199997    
   715.098328     -0.948199987    
   716.028198     -0.885299981    
   716.958191     -0.880100012    
   717.888184     -0.854099989    
   718.818115     -0.796800017    
   719.748108     -0.750899971    
   720.678101     -0.706900001    
   721.607971     -0.660000026    
   722.538025     -0.619799972    
   723.468018     -0.555899978    
   724.398010     -0.482300013    
   725.327881     -0.421299994    
   726.257874     -0.364499986    
   727.187927     -0.297500014    
   728.117920     -0.212799996    
   729.047913     -0.161500007    
   729.977783     -0.140000001    
   730.907776      -9.12500024E-02
   731.837830      -6.46200031E-02
   732.767822      -2.04600003E-02
   733.697815       7.02799996E-03
   734.627686       2.45299991E-02
   735.557678       2.55100001E-02
   736.487671       5.44999987E-02
   737.417603       6.74699992E-02
   738.347595      0.104400001    
   739.277588       9.58900005E-02
   740.207520      0.103100002    
   741.137512      0.105099998    
   742.067505      0.100100003    
   742.997498      0.101300001    
   743.927429      0.112099998    
   744.857422       9.92500037E-02
   745.787415      0.119300000    
   746.717407      0.113899998    
   747.647278      0.156399995    
   748.577271      0.152600005    
   749.507324      0.169300005    
   750.437317      0.165299997    
   751.367188      0.173800007    
   752.297180      0.167899996    
   753.227173      0.179900005    
   754.157227      0.225099996    
   755.087219      0.305000007    
   756.017212      0.386000007    
   756.947083      0.378300011    
   757.877075      0.359400004    
   758.807129      0.332300007    
   759.737000      0.316900015    
   760.666992      0.254500002    
   761.596985      0.215200007    
   762.526978      0.178800002    
   763.456909      0.143000007    
   764.386902      0.142499998    
   765.316895       9.37400013E-02
   766.246826      0.115099996    
   767.176819      0.125200003    
   768.106812      0.180000007    
   769.036682      0.177000001    
   769.966675      0.186900005    
   770.896729      0.187199995    
   771.826721      0.194499999    
   772.756714      0.150900006    
   773.686584      0.150000006    
   774.616577      0.142299995    
   775.546570      0.172999993    
   776.476624      0.161100000    
   777.406616      0.163100004    
   778.336487      0.176699996    
   779.266479      0.173899993    
   780.196472      0.195299998    
   781.126526      0.186499998    
   782.056396      0.212400004    
   782.986389      0.186199993    
   783.916382      0.180800006    
   784.846313      0.207699999    
   785.776306      0.152099997    
   786.706299      0.136600003    
   787.636292      0.138899997    
   788.566223      0.125900000    
   789.496216      0.140200004    
   790.426208      0.161500007    
   791.356079      0.172499999    
   792.286072      0.180899993    
   793.216125      0.197099999    
   794.146118      0.194900006    
   795.075989      0.149200007    
   796.005981      0.120399997    
   796.935974       9.92299989E-02
   797.866028       8.81699994E-02
   798.796021      0.127399996    
   799.726013      0.150999993    
   800.655884      0.189099997    
   801.585876      0.193499997    
   802.515930      0.200399995    
   803.445923      0.192100003    
   804.375793      0.182099998    
   805.305786      0.177499995    
   806.235779      0.197999999    
   807.165710      0.227699995    
   808.095703      0.255100012    
   809.025696      0.267699987    
   809.955688      0.263500005    
   810.885620      0.259700000    
   811.815613      0.238499999    
   812.745605      0.264800012    
   813.675476      0.295500010    
   814.605530      0.314999998    
   815.535522      0.313199997    
   816.465515      0.279100001    
   817.395386      0.224000007    
   818.325378      0.201700002    
   819.255371      0.173099995    
   820.185425      0.220799997    
