CherepanovFR_WLtargets.ascii                                                                                                                                                                            
                                                                                
 Time explicit
 Intervalnr            1
          14
   650.000000     -0.602800012    
   650.929993     -0.674000025    
   651.859924     -0.702400029    
   652.789917     -0.720799983    
   653.719910     -0.750899971    
   654.649780     -0.777800024    
   655.579773     -0.777199984    
   656.509827     -0.771499991    
   657.439819     -0.746299982    
   658.369812     -0.736400008    
   659.299683     -0.730799973    
   660.229675     -0.694299996    
   661.159729     -0.691699982    
   662.089722     -0.696500003    
   663.019714     -0.695200026    
   663.949585     -0.662999988    
   664.879578     -0.579400003    
   665.809570     -0.582199991    
   666.739624     -0.553399980    
   667.669495     -0.540400028    
   668.599487     -0.563300014    
   669.529480     -0.609499991    
   670.459473     -0.688199997    
   671.389404     -0.846400023    
   672.319397      -1.00899994    
   673.249390      -1.16799998    
   674.179321      -1.31900001    
   675.109314      -1.49699998    
   676.039307      -1.58000004    
   676.969299      -1.60099995    
   677.899170      -1.67499995    
   678.829224      -1.70700002    
   679.759216      -1.78999996    
   680.689087      -1.78499997    
   681.619080      -1.70400000    
   682.549072      -1.54799998    
   683.479126      -1.32500005    
   684.409119     -0.951600015    
   685.339111     -0.622300029    
   686.268982     -0.201800004    
   687.198975      0.236399993    
   688.129028      0.583100021    
   689.059021      0.888199985    
   689.988892       1.12899995    
   690.918884       1.31500006    
   691.848877       1.33200002    
   692.778870       1.12399995    
   693.708801      0.974600017    
   694.638794      0.774399996    
   695.568787      0.512199998    
   696.498718      0.227300003    
   697.428711     -0.135800004    
   698.358704     -0.493699998    
   699.288574     -0.876299977    
   700.218628      -1.08399999    
   701.148621      -1.22000003    
   702.078613      -1.32799995    
   703.008484      -1.40499997    
   703.938477      -1.42299998    
   704.868530      -1.40999997    
   705.798523      -1.37899995    
   706.728516      -1.30799997    
   707.658386      -1.21099997    
   708.588379      -1.13900006    
   709.518372      -1.03400004    
   710.448425     -0.964399993    
   711.378418     -0.860599995    
   712.308289     -0.721300006    
   713.238281     -0.657599986    
   714.168274     -0.595099986    
   715.098328     -0.565800011    
   716.028198     -0.538299978    
   716.958191     -0.465099990    
   717.888184     -0.397799999    
   718.818115     -0.354499996    
   719.748108     -0.291799992    
   720.678101     -0.269699991    
   721.607971     -0.206900001    
   722.538025     -0.131699994    
   723.468018      -8.86000022E-02
   724.398010      -5.08899987E-02
   725.327881      -1.21299997E-02
   726.257874       5.86399995E-02
   727.187927      0.144899994    
   728.117920      0.188999996    
   729.047913      0.222100005    
   729.977783      0.218999997    
   730.907776      0.261700004    
   731.837830      0.312000006    
   732.767822      0.345299989    
   733.697815      0.364199996    
   734.627686      0.392300010    
   735.557678      0.387600005    
   736.487671      0.383899987    
   737.417603      0.407900006    
   738.347595      0.397799999    
   739.277588      0.395200014    
   740.207520      0.383500010    
   741.137512      0.368999988    
   742.067505      0.344999999    
   742.997498      0.326900005    
   743.927429      0.254999995    
   744.857422      0.144899994    
   745.787415       8.13900009E-02
   746.717407      -2.68099997E-02
   747.647278      -5.23100011E-02
   748.577271      -3.18600014E-02
   749.507324       4.39300016E-02
   750.437317       4.80800010E-02
   751.367188       4.24799994E-02
   752.297180      -3.61800008E-03
   753.227173      -6.77300021E-02
   754.157227     -0.104099996    
   755.087219     -0.155399993    
   756.017212     -0.208299994    
   756.947083     -0.215399995    
   757.877075     -0.226500005    
   758.807129     -0.213900000    
   759.737000     -0.156800002    
   760.666992      -8.95999968E-02
   761.596985      -1.52000003E-02
   762.526978       1.34600000E-02
   763.456909       1.78699996E-02
   764.386902      -4.34800014E-02
   765.316895      -6.42300025E-02
   766.246826      -2.43200008E-02
   767.176819      -5.24100009E-03
   768.106812       8.15599971E-03
   769.036682      -5.42000011E-02
   769.966675      -8.57200027E-02
   770.896729     -0.117600001    
   771.826721     -0.125699997    
   772.756714     -0.125599995    
   773.686584     -0.108900003    
   774.616577     -0.157600001    
   775.546570     -0.159199998    
   776.476624     -0.180600002    
   777.406616     -0.179499999    
   778.336487     -0.151299998    
   779.266479     -0.124899998    
   780.196472     -0.159099996    
   781.126526     -0.154599994    
   782.056396     -0.184000000    
   782.986389     -0.194999993    
   783.916382     -0.162300006    
   784.846313     -0.137600005    
   785.776306     -0.118600003    
   786.706299     -0.140599996    
   787.636292     -0.152899995    
   788.566223     -0.148599997    
   789.496216     -0.144400001    
   790.426208     -0.109999999    
   791.356079      -4.68900017E-02
   792.286072      -1.09099997E-02
   793.216125      -2.59700008E-02
   794.146118      -7.79099986E-02
   795.075989      -8.23599994E-02
   796.005981      -7.96800032E-02
   796.935974      -4.46199998E-02
   797.866028      -4.48299982E-02
   798.796021      -3.82400006E-02
   799.726013      -2.97100004E-02
   800.655884       1.23899998E-02
   801.585876       7.80399963E-02
   802.515930      0.162799999    
   803.445923      0.188899994    
   804.375793      0.183500007    
   805.305786      0.180800006    
   806.235779      0.142600000    
   807.165710      0.108900003    
   808.095703       7.75500014E-02
   809.025696       7.35699981E-02
   809.955688       6.82699978E-02
   810.885620       6.43900037E-02
   811.815613       6.28999993E-02
   812.745605       8.37000012E-02
   813.675476       6.23300001E-02
   814.605530       3.38700004E-02
   815.535522       1.93700008E-02
   816.465515       6.53000027E-02
   817.395386      0.135600001    
   818.325378      0.150700003    
   819.255371      0.131400004    
   820.185425       8.13700035E-02
