CherepanovFR_WLtargetn.ascii                                                                                                                                                                            
                                                                                
 Time explicit
 Intervalnr            1
           9
   650.000000     -0.486600012    
   650.929993     -0.548500001    
   651.859924     -0.712100029    
   652.789917     -0.843800008    
   653.719910     -0.847500026    
   654.649780     -0.823499978    
   655.579773     -0.791700006    
   656.509827     -0.761600018    
   657.439819     -0.706700027    
   658.369812     -0.651099980    
   659.299683     -0.588000000    
   660.229675     -0.567300022    
   661.159729     -0.512300014    
   662.089722     -0.398999989    
   663.019714     -0.302100003    
   663.949585     -0.193299994    
   664.879578     -0.144199997    
   665.809570      -4.04100008E-02
   666.739624       8.07399955E-03
   667.669495       7.19100013E-02
   668.599487      0.132599995    
   669.529480       3.89100015E-02
   670.459473     -0.101499997    
   671.389404     -0.279100001    
   672.319397     -0.463600010    
   673.249390     -0.745800018    
   674.179321     -0.961199999    
   675.109314      -1.00300002    
   676.039307      -1.16600001    
   676.969299      -1.36099994    
   677.899170      -1.34099996    
   678.829224      -1.38999999    
   679.759216      -1.45899999    
   680.689087      -1.51300001    
   681.619080      -1.51100004    
   682.549072      -1.04600000    
   683.479126     -0.428600013    
   684.409119      0.313600004    
   685.339111       1.13900006    
   686.268982       1.80499995    
   687.198975       2.26999998    
   688.129028       2.82699990    
   689.059021       3.40000010    
   689.988892       3.88899994    
   690.918884       4.23899984    
   691.848877       4.56799984    
   692.778870       4.60699987    
   693.708801       4.52099991    
   694.638794       4.25799990    
   695.568787       3.89700007    
   696.498718       3.46000004    
   697.428711       3.25699997    
   698.358704       2.92799997    
   699.288574       2.57999992    
   700.218628       2.20199990    
   701.148621       1.90999997    
   702.078613       1.74600005    
   703.008484       1.64900005    
   703.938477       1.56400001    
   704.868530       1.46399999    
   705.798523       1.55599999    
   706.728516       1.56799996    
   707.658386       1.62000000    
   708.588379       1.63499999    
   709.518372       1.63000000    
   710.448425       1.53499997    
   711.378418       1.54400003    
   712.308289       1.51199996    
   713.238281       1.54299998    
   714.168274       1.60800004    
   715.098328       1.65900004    
   716.028198       1.64400005    
   716.958191       1.58399999    
   717.888184       1.41299999    
   718.818115       1.20299995    
   719.748108      0.980099976    
   720.678101      0.783399999    
   721.607971      0.635599971    
   722.538025      0.397399992    
   723.468018      0.147799999    
   724.398010     -0.176499993    
   725.327881     -0.410299987    
   726.257874     -0.822600007    
   727.187927      -1.05900002    
   728.117920      -1.43700004    
   729.047913      -1.71300006    
   729.977783      -2.01600003    
   730.907776      -2.29399991    
   731.837830      -2.59400010    
   732.767822      -2.92300010    
   733.697815      -3.27699995    
   734.627686      -3.54500008    
   735.557678      -3.80299997    
   736.487671      -4.00799990    
   737.417603      -4.38399982    
   738.347595      -4.68400002    
   739.277588      -4.92700005    
   740.207520      -4.96000004    
   741.137512      -4.94600010    
   742.067505      -4.91099977    
   742.997498      -4.86600018    
   743.927429      -4.84700012    
   744.857422      -4.86600018    
   745.787415      -4.84399986    
   746.717407      -4.84399986    
   747.647278      -5.01599979    
   748.577271      -4.83199978    
   749.507324      -4.48500013    
   750.437317      -4.15299988    
   751.367188      -4.01300001    
   752.297180      -3.79699993    
   753.227173      -3.85899997    
   754.157227      -4.03599977    
   755.087219      -4.17399979    
   756.017212      -4.43599987    
   756.947083      -4.41499996    
   757.877075      -4.20699978    
   758.807129      -4.14200020    
   759.737000      -4.05399990    
   760.666992      -3.77200007    
   761.596985      -3.62899995    
   762.526978      -3.51099992    
   763.456909      -3.40499997    
   764.386902      -3.41799998    
   765.316895      -3.32900000    
   766.246826      -3.32900000    
   767.176819      -3.39299989    
   768.106812      -3.67400002    
   769.036682      -3.95799994    
   769.966675      -4.33900023    
   770.896729      -4.59899998    
   771.826721      -4.82200003    
   772.756714      -4.94600010    
   773.686584      -5.17799997    
   774.616577      -5.39099979    
   775.546570      -5.81699991    
   776.476624      -6.05399990    
   777.406616      -6.27899981    
   778.336487      -6.45900011    
   779.266479      -6.57200003    
   780.196472      -6.61100006    
   781.126526      -6.74499989    
   782.056396      -6.87400007    
   782.986389      -7.02699995    
   783.916382      -7.01999998    
   784.846313      -6.94700003    
   785.776306      -6.82100010    
   786.706299      -6.69299984    
   787.636292      -6.65500021    
   788.566223      -6.47200012    
   789.496216      -6.30999994    
   790.426208      -6.11700010    
   791.356079      -5.90399981    
   792.286072      -5.79600000    
   793.216125      -5.69000006    
   794.146118      -5.38000011    
   795.075989      -5.08300018    
   796.005981      -4.88199997    
   796.935974      -4.62400007    
   797.866028      -4.45200014    
   798.796021      -4.38999987    
   799.726013      -4.34800005    
   800.655884      -4.23400021    
   801.585876      -4.04400015    
   802.515930      -3.83999991    
   803.445923      -3.50000000    
   804.375793      -3.23399997    
   805.305786      -2.98499990    
   806.235779      -2.79600000    
   807.165710      -2.74499989    
   808.095703      -2.64199996    
   809.025696      -2.50900006    
   809.955688      -2.21799994    
   810.885620      -1.84399998    
   811.815613      -1.70799994    
   812.745605      -1.65199995    
   813.675476      -1.51100004    
   814.605530      -1.48199999    
   815.535522      -1.42799997    
   816.465515      -1.26699996    
   817.395386      -1.19500005    
   818.325378      -1.08299994    
   819.255371     -0.961199999    
   820.185425     -0.911899984    
