CherepanovFR_WLtargetj.ascii                                                                                                                                                                            
                                                                                
 Time explicit
 Intervalnr            1
           1
   650.000000       3.23755108E-02
   650.929993       4.08902057E-02
   651.859924       4.17403094E-02
   652.789917       3.65024582E-02
   653.719910       3.93416286E-02
   654.649841       3.59493941E-02
   655.579834       2.77996026E-02
   656.509827       2.50440352E-02
   657.439819       4.23350744E-03
   658.369751       2.75095459E-03
   659.299744      -4.83691953E-02
   660.229736      -7.51563683E-02
   661.159729     -0.123674877    
   662.089661     -0.152619898    
   663.019653     -0.198229015    
   663.949646     -0.255264163    
   664.879578     -0.292043626    
   665.809570     -0.322589785    
   666.739563     -0.343339890    
   667.669495     -0.348393440    
   668.599487     -0.353159785    
   669.529480     -0.370926380    
   670.459473     -0.413707644    
   671.389404     -0.506660461    
   672.319397     -0.584556520    
   673.249390     -0.729765058    
   674.179321     -0.899036407    
   675.109314      -1.04138279    
   676.039307      -1.19844592    
   676.969299      -1.36400437    
   677.899231      -1.55404270    
   678.829224      -1.76521635    
   679.759216      -1.94025946    
   680.689148      -2.17774248    
   681.619141      -2.47329879    
   682.549133      -2.65879798    
   683.479065      -2.87201262    
   684.409058      -2.99822378    
   685.339050      -3.00000000    
   686.269043      -2.93425918    
   687.198975      -2.75200009    
   688.128967      -2.32762718    
   689.058960      -1.89470124    
   689.988892      -1.61154485    
   690.918884      -1.25260603    
   691.848877     -0.853149772    
   692.778870     -0.689025044    
   693.708801     -0.522048771    
   694.638794     -0.498544753    
   695.568787     -0.635852993    
   696.498718     -0.679384947    
   697.428711     -0.907322466    
   698.358704      -1.44433069    
   699.288635      -1.45524430    
   700.218628      -1.61234188    
   701.148621      -1.76070499    
   702.078613      -1.88585448    
   703.008545      -2.11489153    
   703.938538      -2.31647754    
   704.868530      -2.17780113    
   705.798462      -1.85754013    
   706.728455      -1.84408450    
   707.658447      -1.76455832    
   708.588440      -1.63084197    
   709.518372      -1.61852670    
   710.448364      -1.57347381    
   711.378357      -1.34111273    
   712.308289      -1.25080335    
   713.238281      -1.13011062    
   714.168274     -0.974199355    
   715.098267     -0.963977993    
   716.028198     -0.850260198    
   716.958191     -0.668624997    
   717.888184     -0.602720737    
   718.818115     -0.559672296    
   719.748108     -0.491178930    
   720.678101     -0.493556827    
   721.608032     -0.423514992    
   722.538025     -0.336127490    
   723.468018     -0.294826299    
   724.398010     -0.210372359    
   725.327942     -0.117306553    
   726.257935     -0.243694693    
   727.187927     -0.194143996    
   728.117859      -7.48789776E-03
   729.047852       7.31491819E-02
   729.977844       8.49661902E-02
   730.907837      0.113723390    
   731.837769      0.134759367    
   732.767761      0.162986681    
   733.697754      0.207611591    
   734.627686      0.263051510    
   735.557678      0.277085394    
   736.487671      0.294607759    
   737.417603      0.303484529    
   738.347595      0.325957477    
   739.277588      0.356608331    
   740.207520      0.396521986    
   741.137512      0.408714265    
   742.067505      0.411189795    
   742.997498      0.419326484    
   743.927429      0.426675826    
   744.857422      0.444718927    
   745.787415      0.470674813    
   746.717407      0.464418113    
   747.647339      0.465778708    
   748.577332      0.458137810    
   749.507324      0.430987269    
   750.437256      0.448969305    
   751.367249      0.443711221    
   752.297241      0.436887860    
   753.227173      0.425378829    
   754.157166      0.426038355    
   755.087158      0.417908221    
   756.017151      0.401350856    
   756.947083      0.398153841    
   757.877075      0.404397011    
   758.807068      0.404159218    
   759.737000      0.407094568    
   760.666992      0.412890345    
   761.596985      0.412890345    
   762.526978      0.412890345    
   763.456909      0.412890345    
   764.386902      0.412890345    
   765.316895      0.412890345    
   766.246826      0.412890345    
   767.176819      0.412890345    
   768.106812      0.412890345    
   769.036743      0.412890345    
   769.966736      0.412890345    
   770.896729      0.412890345    
   771.826721      0.412890345    
   772.756653      0.412890345    
   773.686646      0.412890345    
   774.616638      0.412890345    
   775.546570      0.412890345    
   776.476562      0.412890345    
   777.406555      0.412890345    
   778.336548      0.412890345    
   779.266479      0.412890345    
   780.196472      0.412890345    
   781.126465      0.412890345    
   782.056396      0.412890345    
   782.986389      0.412890345    
   783.916382      0.412890345    
   784.846313      0.412890345    
   785.776306      0.412890345    
   786.706299      0.412890345    
   787.636292      0.412890345    
   788.566223      0.412890345    
   789.496216      0.412890345    
   790.426208      0.412890345    
   791.356140      0.412890345    
   792.286133      0.412890345    
   793.216125      0.412890345    
   794.146118      0.412890345    
   795.076050      0.412890345    
   796.006042      0.412890345    
   796.936035      0.412890345    
   797.865967      0.412890345    
   798.795959      0.412890345    
   799.725952      0.412890345    
   800.655945      0.412890345    
   801.585876      0.412890345    
   802.515869      0.412890345    
   803.445862      0.412890345    
   804.375793      0.412890345    
   805.305786      0.412890345    
   806.235779      0.412890345    
   807.165710      0.412890345    
   808.095703      0.412890345    
   809.025696      0.412890345    
   809.955688      0.412890345    
   810.885620      0.412890345    
   811.815613      0.412890345    
   812.745605      0.412890345    
   813.675537      0.412890345    
   814.605530      0.412890345    
   815.535522      0.412890345    
   816.465515      0.412890345    
   817.395447      0.412890345    
   818.325439      0.412890345    
   819.255432      0.412890345    
   820.185364      0.412890345    
