CherepanovFR_WLtargetf.ascii                                                                                                                                                                            
                                                                                
 Time explicit
 Intervalnr            1
           1
   650.000000      0.364499986    
   650.929993      0.345899999    
   651.859924      0.360900015    
   652.789917      0.375099987    
   653.719910      0.375999987    
   654.649780      0.405600011    
   655.579773      0.415600002    
   656.509827      0.441599995    
   657.439819      0.487199992    
   658.369812      0.512600005    
   659.299683      0.533699989    
   660.229675      0.562699974    
   661.159729      0.549300015    
   662.089722      0.533200026    
   663.019714      0.520900011    
   663.949585      0.519900024    
   664.879578      0.525500000    
   665.809570      0.516600013    
   666.739624      0.493900001    
   667.669495      0.469500005    
   668.599487      0.459899992    
   669.529480      0.435400009    
   670.459473      0.346500009    
   671.389404      0.268500000    
   672.319397      0.148100004    
   673.249390       5.70899993E-02
   674.179321     -0.114799999    
   675.109314     -0.313499987    
   676.039307     -0.456200004    
   676.969299     -0.561999977    
   677.899170     -0.852599978    
   678.829224     -0.992799997    
   679.759216      -1.34399998    
   680.689087      -1.87000000    
   681.619080      -2.18600011    
   682.549072      -2.79600000    
   683.479126      -3.26200008    
   684.409119      -3.71099997    
   685.339111      -4.10300016    
   686.268982      -4.39900017    
   687.198975      -4.66099977    
   688.129028      -4.83099985    
   689.059021      -4.93800020    
   689.988892      -5.00600004    
   690.918884      -5.09899998    
   691.848877      -5.09299994    
   692.778870      -5.19999981    
   693.708801      -5.15199995    
   694.638794      -5.10500002    
   695.568787      -5.10900021    
   696.498718      -5.04300022    
   697.428711      -4.98000002    
   698.358704      -4.93900013    
   699.288574      -4.76700020    
   700.218628      -4.65000010    
   701.148621      -4.45499992    
   702.078613      -4.19600010    
   703.008484      -3.92899990    
   703.938477      -3.64899993    
   704.868530      -3.43799996    
   705.798523      -3.33500004    
   706.728516      -3.20900011    
   707.658386      -3.02300000    
   708.588379      -2.83899999    
   709.518372      -2.70099998    
   710.448425      -2.59299994    
   711.378418      -2.47799993    
   712.308289      -2.33200002    
   713.238281      -2.16599989    
   714.168274      -2.07699990    
   715.098328      -2.02900004    
   716.028198      -1.96599996    
   716.958191      -1.80700004    
   717.888184      -1.65900004    
   718.818115      -1.54200006    
   719.748108      -1.48300004    
   720.678101      -1.44900000    
   721.607971      -1.39999998    
   722.538025      -1.30799997    
   723.468018      -1.22500002    
   724.398010      -1.11699998    
   725.327881     -0.985199988    
   726.257874     -0.953100026    
   727.187927     -0.942700028    
   728.117920     -0.898500025    
   729.047913     -0.819199979    
   729.977783     -0.800499976    
   730.907776     -0.767700016    
   731.837830     -0.733200014    
   732.767822     -0.719799995    
   733.697815     -0.716499984    
   734.627686     -0.696900010    
   735.557678     -0.691999972    
   736.487671     -0.702300012    
   737.417603     -0.630200028    
   738.347595     -0.585900009    
   739.277588     -0.571900010    
   740.207520     -0.554899991    
   741.137512     -0.512600005    
   742.067505     -0.489800006    
   742.997498     -0.463600010    
   743.927429     -0.439900011    
   744.857422     -0.420300007    
   745.787415     -0.402599990    
   746.717407     -0.404100001    
   747.647278     -0.360100001    
   748.577271     -0.331400007    
   749.507324     -0.284900010    
   750.437317     -0.284099996    
   751.367188     -0.255499989    
   752.297180     -0.258700013    
   753.227173     -0.279500008    
   754.157227     -0.283399999    
   755.087219     -0.300000012    
   756.017212     -0.322100013    
   756.947083     -0.310299993    
   757.877075     -0.273900002    
   758.807129     -0.223499998    
   759.737000     -0.199399993    
   760.666992     -0.183300003    
   761.596985     -0.182899997    
   762.526978     -0.206000000    
   763.456909     -0.231199995    
   764.386902     -0.227200001    
   765.316895     -0.168400005    
   766.246826      -9.36900005E-02
   767.176819      -3.80599983E-02
   768.106812       1.87899992E-02
   769.036682       3.76899987E-02
   769.966675       8.17999989E-02
   770.896729       9.87700000E-02
   771.826721      0.103500001    
   772.756714      0.108400002    
   773.686584      0.132400006    
   774.616577      0.140599996    
   775.546570      0.144700006    
   776.476624      0.163299993    
   777.406616      0.181199998    
   778.336487      0.213499993    
   779.266479      0.233899996    
   780.196472      0.290699989    
   781.126526      0.277000010    
   782.056396      0.232299998    
   782.986389      0.194399998    
   783.916382      0.222700000    
   784.846313      0.247999996    
   785.776306      0.286500007    
   786.706299      0.289600015    
   787.636292      0.279300004    
   788.566223      0.288599998    
   789.496216      0.295500010    
   790.426208      0.314799994    
   791.356079      0.326400012    
   792.286072      0.315899998    
   793.216125      0.284000009    
   794.146118      0.277700007    
   795.075989      0.252799988    
   796.005981      0.235900000    
   796.935974      0.216399997    
   797.866028      0.228100002    
   798.796021      0.249599993    
   799.726013      0.309399992    
   800.655884      0.338099986    
   801.585876      0.356700003    
   802.515930      0.378199995    
   803.445923      0.368000001    
   804.375793      0.326700002    
   805.305786      0.270000011    
   806.235779      0.292800009    
   807.165710      0.357499987    
   808.095703      0.407700002    
   809.025696      0.463099986    
   809.955688      0.479499996    
   810.885620      0.495599985    
   811.815613      0.474099994    
   812.745605      0.480599999    
   813.675476      0.485599995    
   814.605530      0.441000015    
   815.535522      0.418099999    
   816.465515      0.441500008    
   817.395386      0.471899986    
   818.325378      0.483700007    
   819.255371      0.456600010    
   820.185425      0.459800005    
