CherepanovFR_WLtargeth.ascii                                                                                                                                                                            
                                                                                
 Time explicit
 Intervalnr            1
           3
   650.000000      0.444999993    
   650.929993      0.412499994    
   651.859924      0.397000015    
   652.789917      0.432700008    
   653.719910      0.462000012    
   654.649780      0.559599996    
   655.579773      0.623300016    
   656.509827      0.704699993    
   657.439819      0.815299988    
   658.369812      0.859099984    
   659.299683      0.822899997    
   660.229675      0.789300025    
   661.159729      0.751699984    
   662.089722      0.782599986    
   663.019714      0.876800001    
   663.949585       1.01699996    
   664.879578       1.23899996    
   665.809570       1.39600003    
   666.739624       1.30400002    
   667.669495       1.27400005    
   668.599487       1.27999997    
   669.529480       1.36099994    
   670.459473       1.38399994    
   671.389404       1.53199995    
   672.319397       1.73000002    
   673.249390       1.95099998    
   674.179321       2.11599994    
   675.109314       2.19099998    
   676.039307       2.09699988    
   676.969299       1.91499996    
   677.899170       1.82400000    
   678.829224       1.72399998    
   679.759216       1.59800005    
   680.689087       1.46099997    
   681.619080       1.44400001    
   682.549072       1.27900004    
   683.479126      0.968200028    
   684.409119      0.776799977    
   685.339111      0.637899995    
   686.268982      0.590799987    
   687.198975      0.511900008    
   688.129028      0.393700004    
   689.059021      0.416399986    
   689.988892      0.410400003    
   690.918884      0.465700001    
   691.848877      0.605400026    
   692.778870      0.583800018    
   693.708801      0.439799994    
   694.638794       3.01300008E-02
   695.568787     -0.417600006    
   696.498718     -0.934499979    
   697.428711      -1.36600006    
   698.358704      -1.62800002    
   699.288574      -1.83599997    
   700.218628      -2.25200009    
   701.148621      -2.72900009    
   702.078613      -3.20900011    
   703.008484      -3.78900003    
   703.938477      -4.25199986    
   704.868530      -4.44000006    
   705.798523      -4.68699980    
   706.728516      -5.09800005    
   707.658386      -5.46099997    
   708.588379      -5.72900009    
   709.518372      -5.88000011    
   710.448425      -5.96500015    
   711.378418      -5.94899988    
   712.308289      -6.01300001    
   713.238281      -6.03599977    
   714.168274      -5.91200018    
   715.098328      -5.89599991    
   716.028198      -5.89599991    
   716.958191      -5.70400000    
   717.888184      -5.57600021    
   718.818115      -5.48500013    
   719.748108      -5.46299982    
   720.678101      -5.36700010    
   721.607971      -5.33500004    
   722.538025      -5.22300005    
   723.468018      -5.25600004    
   724.398010      -5.28800011    
   725.327881      -5.28399992    
   726.257874      -5.15199995    
   727.187927      -4.99200010    
   728.117920      -4.86800003    
   729.047913      -4.55900002    
   729.977783      -4.36000013    
   730.907776      -4.12799978    
   731.837830      -3.97499990    
   732.767822      -3.85200000    
   733.697815      -3.70900011    
   734.627686      -3.52999997    
   735.557678      -3.33800006    
   736.487671      -3.06399989    
   737.417603      -2.82299995    
   738.347595      -2.66300011    
   739.277588      -2.53299999    
   740.207520      -2.44099998    
   741.137512      -2.23799992    
   742.067505      -2.12899995    
   742.997498      -1.97800004    
   743.927429      -1.90300000    
   744.857422      -1.73800004    
   745.787415      -1.63100004    
   746.717407      -1.68200004    
   747.647278      -1.75800002    
   748.577271      -1.80200005    
   749.507324      -1.66799998    
   750.437317      -1.54100001    
   751.367188      -1.45200002    
   752.297180      -1.40699995    
   753.227173      -1.34099996    
   754.157227      -1.26999998    
   755.087219      -1.21899998    
   756.017212      -1.11600006    
   756.947083     -0.952099979    
   757.877075     -0.730300009    
   758.807129     -0.592100024    
   759.737000     -0.437900007    
   760.666992     -0.285899997    
   761.596985     -0.156800002    
   762.526978      -9.05800015E-02
   763.456909      -8.49699974E-02
   764.386902      -4.17499989E-02
   765.316895      -9.44100022E-02
   766.246826      -9.71100032E-02
   767.176819     -0.196400002    
   768.106812     -0.286000013    
   769.036682     -0.303099990    
   769.966675     -0.268299997    
   770.896729     -0.261099994    
   771.826721     -0.218099996    
   772.756714     -0.266799986    
   773.686584     -0.380800009    
   774.616577     -0.483399987    
   775.546570     -0.535899997    
   776.476624     -0.569700003    
   777.406616     -0.532700002    
   778.336487     -0.467000008    
   779.266479     -0.369599998    
   780.196472     -0.318800002    
   781.126526     -0.271600008    
   782.056396     -0.280400008    
   782.986389     -0.293199986    
   783.916382     -0.146200001    
   784.846313       1.43900001E-02
   785.776306      0.126499996    
   786.706299      0.137300000    
   787.636292       5.67499995E-02
   788.566223      -1.48999998E-02
   789.496216     -0.101000004    
   790.426208     -0.111000001    
   791.356079     -0.113600001    
   792.286072     -0.101499997    
   793.216125     -0.104500003    
   794.146118      -5.69799989E-02
   795.075989       2.31799996E-03
   796.005981       9.51300003E-03
   796.935974      -2.26499997E-02
   797.866028      -1.60200000E-02
   798.796021      -4.07299995E-02
   799.726013      -9.16299969E-03
   800.655884      -2.84599997E-02
   801.585876      -4.50999998E-02
   802.515930      -1.35100004E-03
   803.445923      -4.78900000E-02
   804.375793     -0.141100004    
   805.305786      -8.08100030E-02
   806.235779       7.40500018E-02
   807.165710      0.170200005    
   808.095703      0.193299994    
   809.025696      0.214699998    
   809.955688      0.139599994    
   810.885620       9.05300025E-03
   811.815613     -0.144299999    
   812.745605     -0.259299994    
   813.675476     -0.282599986    
   814.605530     -0.362100005    
   815.535522     -0.378300011    
   816.465515     -0.249200001    
   817.395386     -0.121699996    
   818.325378     -0.155599996    
   819.255371     -0.302700013    
   820.185425     -0.537500024    
