CherepanovFR_WLtargetk.ascii                                                                                                                                                                            
                                                                                
 Time explicit
 Intervalnr            1
           6
   650.000000     -0.472000003    
   650.929993     -0.476599991    
   651.859924     -0.483900011    
   652.789917     -0.529900014    
   653.719910     -0.563899994    
   654.649780     -0.646200001    
   655.579773     -0.647099972    
   656.509827     -0.651400030    
   657.439819     -0.700600028    
   658.369812     -0.701200008    
   659.299683     -0.742299974    
   660.229675     -0.734799981    
   661.159729     -0.763700008    
   662.089722     -0.799600005    
   663.019714     -0.801999986    
   663.949585     -0.845600009    
   664.879578     -0.844600022    
   665.809570     -0.797100008    
   666.739624     -0.746200025    
   667.669495     -0.671400011    
   668.599487     -0.562200010    
   669.529480     -0.484699994    
   670.459473     -0.386999995    
   671.389404     -0.334800005    
   672.319397     -0.378899992    
   673.249390     -0.479699999    
   674.179321     -0.622200012    
   675.109314     -0.710099995    
   676.039307     -0.816600025    
   676.969299     -0.873799980    
   677.899170      -1.02600002    
   678.829224      -1.29700005    
   679.759216      -1.67299998    
   680.689087      -1.86399996    
   681.619080      -1.88000000    
   682.549072      -1.80100000    
   683.479126      -1.58599997    
   684.409119      -1.21399999    
   685.339111     -0.778599977    
   686.268982     -0.343699992    
   687.198975       9.26100016E-02
   688.129028      0.422600001    
   689.059021      0.670300007    
   689.988892      0.743499994    
   690.918884      0.612900019    
   691.848877      0.300399989    
   692.778870      -4.26299982E-02
   693.708801     -0.338000000    
   694.638794     -0.656799972    
   695.568787     -0.884100020    
   696.498718      -1.12899995    
   697.428711      -1.43200004    
   698.358704      -1.85699999    
   699.288574      -2.21900010    
   700.218628      -2.61500001    
   701.148621      -2.83200002    
   702.078613      -3.00900006    
   703.008484      -3.09400010    
   703.938477      -3.14400005    
   704.868530      -3.18000007    
   705.798523      -3.20900011    
   706.728516      -3.12899995    
   707.658386      -3.01300001    
   708.588379      -2.86299992    
   709.518372      -2.79099989    
   710.448425      -2.62500000    
   711.378418      -2.55800009    
   712.308289      -2.39199996    
   713.238281      -2.22900009    
   714.168274      -2.07200003    
   715.098328      -1.90499997    
   716.028198      -1.77999997    
   716.958191      -1.66600001    
   717.888184      -1.53999996    
   718.818115      -1.41799998    
   719.748108      -1.29499996    
   720.678101      -1.21399999    
   721.607971      -1.12000000    
   722.538025      -1.03100002    
   723.468018     -0.942399979    
   724.398010     -0.860499978    
   725.327881     -0.776199996    
   726.257874     -0.722299993    
   727.187927     -0.673399985    
   728.117920     -0.584800005    
   729.047913     -0.574500024    
   729.977783     -0.515900016    
   730.907776     -0.467400014    
   731.837830     -0.422699988    
   732.767822     -0.332700014    
   733.697815     -0.286599994    
   734.627686     -0.279700011    
   735.557678     -0.230499998    
   736.487671     -0.224700004    
   737.417603     -0.217600003    
   738.347595     -0.165999994    
   739.277588     -0.160999998    
   740.207520     -0.197400004    
   741.137512     -0.157399997    
   742.067505     -0.157499999    
   742.997498     -0.154599994    
   743.927429     -0.101000004    
   744.857422      -9.70399976E-02
   745.787415      -5.26000001E-02
   746.717407      -4.95899990E-02
   747.647278      -4.87000011E-02
   748.577271      -4.76499982E-02
   749.507324      -4.71399985E-02
   750.437317      -3.16699990E-03
   751.367188      -4.54999991E-02
   752.297180      -4.33200002E-02
   753.227173      -4.46299993E-04
   754.157227       3.77899990E-03
   755.087219       5.61599992E-02
   756.017212      0.105400003    
   756.947083      0.105899997    
   757.877075       5.33500016E-02
   758.807129       4.98999991E-02
   759.737000       4.27399985E-02
   760.666992      0.116999999    
   761.596985      0.105599999    
   762.526978      0.110600002    
   763.456909       7.86800012E-02
   764.386902       9.08299983E-02
   765.316895      0.141499996    
   766.246826      0.226099998    
   767.176819      0.276400000    
   768.106812      0.248099998    
   769.036682      0.227899998    
   769.966675      0.192699999    
   770.896729      0.182600006    
   771.826721      0.253100008    
   772.756714      0.252999991    
   773.686584      0.213300005    
   774.616577      0.220699996    
   775.546570      0.185299993    
   776.476624      0.274899989    
   777.406616      0.266299993    
   778.336487      0.301699996    
   779.266479      0.338699996    
   780.196472      0.336499989    
   781.126526      0.332700014    
   782.056396      0.288700014    
   782.986389      0.332800001    
   783.916382      0.326200008    
   784.846313      0.357300013    
   785.776306      0.340299994    
   786.706299      0.336899996    
   787.636292      0.337300003    
   788.566223      0.296000004    
   789.496216      0.271899998    
   790.426208      0.333400011    
   791.356079      0.381500006    
   792.286072      0.378800005    
   793.216125      0.331200004    
   794.146118      0.314700007    
   795.075989      0.312900007    
   796.005981      0.306899995    
   796.935974      0.350600004    
   797.866028      0.347299993    
   798.796021      0.352299988    
   799.726013      0.348500013    
   800.655884      0.389600009    
   801.585876      0.396200001    
   802.515930      0.432900012    
   803.445923      0.468100011    
   804.375793      0.469000012    
   805.305786      0.461400002    
   806.235779      0.458400011    
   807.165710      0.414400011    
   808.095703      0.456800014    
   809.025696      0.501299977    
   809.955688      0.503899992    
   810.885620      0.424199998    
   811.815613      0.427100003    
   812.745605      0.392699987    
   813.675476      0.439500004    
   814.605530      0.440600008    
   815.535522      0.433299989    
   816.465515      0.379299998    
   817.395386      0.333600014    
   818.325378      0.339199990    
   819.255371      0.348500013    
   820.185425      0.402799994    
