PSI_7203FR_WLtr124av8nobridgetarget_dispcorri.ascii                                                                                                                                                     
                                                                                
 Time explicit
 Intervalnr            1
           4
   651.466125               0
   653.578918               0
   655.691711               0
   657.804382               0
   659.917175      0.269601315    
   662.030029      0.349364996    
   664.142822      0.501181901    
   666.255615      0.679586709    
   668.368408      0.944402218    
   670.481201       1.27542162    
   672.593994       1.66785896    
   674.706787       2.47666287    
   676.819580       2.95125699    
   678.932373       4.17695904    
   681.045288       5.19793463    
   683.158081       7.27710819    
   685.270874       9.15953159    
   687.383728       12.0815420    
   689.496521       14.0596819    
   691.609314       17.5373783    
   693.721985       17.6809540    
   695.834778       20.1137466    
   697.947571       19.5022240    
   700.060425       20.4381180    
   702.173218       16.8221645    
   704.286011       16.7344246    
   706.398804       13.2487507    
   708.511597       12.1958694    
   710.624390       9.53442097    
   712.737183       8.40177631    
   714.849976       6.45554209    
   716.962891       5.80147982    
   719.075684       6.26145029    
   721.188477       4.86026812    
   723.301270       5.25111008    
   725.414124       4.22481728    
   727.526917       4.46942616    
   729.639587       3.70103574    
   731.752380       4.21418238    
   733.865173       3.23308873    
   735.978027       3.98552632    
   738.090820       3.60266042    
   740.203613       3.98552632    
   742.316406       3.77548170    
   744.429199       4.48803759    
   746.541992       3.57873130    
   748.654785       3.62658954    
   750.767578       3.95893836    
   752.880371       3.91639757    
   754.993286       3.92969155    
   757.106079       4.29394579    
   759.218872       3.79143453    
   761.331726       2.93796301    
   763.444519       3.41654515    
   765.557312       2.85288167    
   767.669983       2.52877522    
   769.782776       2.26874542    
   771.895630       2.31926250    
   774.008423       2.10390043    
   776.121216       1.90236425    
   778.234009       1.54103470    
   780.346802       1.78803623    
   782.459595      0.810930967    
   784.572388       1.43494892    
   786.685181      0.625879169    
   788.797974       1.32593858    
   790.910828      0.515539408    
   793.023682       1.02257061    
   795.136475      0.423545241    
   797.249329      0.824490786    
   799.362122      0.357075483    
   801.474915      0.944136322    
   803.587585      0.796839356    
   805.700378      0.796307623    
   807.813171      0.698995888    
   809.926025      0.741536558    
   812.038818      0.384992778    
   814.151611      0.744195342    
   816.264404      0.492939681    
   818.377197      0.545849562    
   820.489990      0.648744762    
   822.602783      0.534416795    
   824.715576      0.427799314    
   826.828430      0.484963298    
   828.941284      0.355480224    
   831.054077      0.464224726    
   833.166870      0.430723965    
   835.279724      0.468212932    
   837.392517      0.414505363    
   839.505188      0.425938159    
   841.617981      0.309217274    
   843.730774      0.363722473    
   845.843628      0.211639687    
   847.956421      0.363456607    
