PSI_7203FR_WLtr124av8nobridgetarget_dispcorrf.ascii                                                                                                                                                     
                                                                                
 Time explicit
 Intervalnr            1
          15
   651.466125               0
   653.578918               0
   655.691711               0
   657.804382               0
   659.917175       5.82009144E-02
   662.030029      0.194729775    
   664.142822      0.474328130    
   666.255615      0.915155530    
   668.368408       1.47110856    
   670.481201       2.21876025    
   672.593994       3.19054794    
   674.706787       4.71669340    
   676.819580       6.42363644    
   678.932373       8.30605984    
   681.045288       10.5101967    
   683.158081       12.4590902    
   685.270874       14.4531822    
   687.383728       15.2348671    
   689.496521       16.1468315    
   691.609314       15.4502287    
   693.721985       14.0277758    
   695.834778       12.8233442    
   697.947571       11.6348648    
   700.060425       9.89867496    
   702.173218       8.76337147    
   704.286011       6.89158344    
   706.398804       6.19763947    
   708.511597       5.22983980    
   710.624390       4.98789024    
   712.737183       4.66351748    
   714.849976       4.08656025    
   716.962891       3.47769737    
   719.075684       2.96720958    
   721.188477       2.56972051    
   723.301270       2.28895235    
   725.414124       2.14564347    
   727.526917       1.84918845    
   729.639587       1.99967599    
   731.752380       1.96590936    
   733.865173       2.16398907    
   735.978027       2.15096116    
   738.090820       1.92948389    
   740.203613       2.22328019    
   742.316406       2.38812518    
   744.429199       2.39291096    
   746.541992       2.27353144    
   748.654785       2.53276324    
   750.767578       2.11746025    
   752.880371       1.96032584    
   754.993286       1.98212790    
   757.106079       1.63276291    
   759.218872       1.34933591    
   761.331726       1.39267421    
   763.444519       1.09542143    
   765.557312       1.10446131    
   767.669983       1.04570210    
   769.782776       1.00342739    
   771.895630       1.04038453    
   774.008423      0.972053647    
   776.121216      0.675598562    
   778.234009      0.597430110    
   780.346802      0.607001781    
   782.459595      0.707769871    
   784.572388      0.283958763    
   786.685181      0.205391526    
   788.797974      0.177607179    
   790.910828      0.217063621    
   793.023682      0.259896725    
   795.136475      0.283958763    
   797.249329      0.155486032    
   799.362122      0.143494889    
   801.474915       9.65938419E-02
   803.587585               0
   805.700378       8.28744844E-02
   807.813171               0
   809.926025       4.02009040E-02
   812.038818      0.186912939    
   814.151611      0.247267470    
   816.264404      0.147084266    
   818.377197      0.117571697    
   820.489990      0.174097568    
   822.602783       9.70192477E-02
   824.715576       9.36159939E-02
   826.828430       8.15716758E-03
   828.941284      0.131317645    
   831.054077       9.61418450E-02
   833.166870       8.02156925E-02
   835.279724      0.101618953    
   837.392517       6.65495172E-02
   839.505188      0.138283670    
   841.617981      0.123633735    
   843.730774       7.74505511E-02
   845.843628       6.93944171E-02
   847.956421       6.43693060E-02
