PSI_9212FR_WLtr124av8nobridgetarget_dispcorrl.ascii                                                                                                                                                     
                                                                                
 Time explicit
 Intervalnr            1
           7
   651.466125               0
   653.578918               0
   655.691711               0
   657.804382               0
   659.917175               0
   662.030029               0
   664.142822               0
   666.255615               0
   668.368408               0
   670.481201               0
   672.593994               0
   674.706787               0
   676.819580               0
   678.932373               0
   681.045288               0
   683.158081               0
   685.270874               0
   687.383728               0
   689.496521               0
   691.609314               0
   693.721985               0
   695.834778               0
   697.947571               0
   700.060425               0
   702.173218      0.478729665    
   704.286011       1.19269717    
   706.398804       2.14222002    
   708.511597       4.09523392    
   710.624390       5.93967676    
   712.737183       7.73967457    
   714.849976       9.75872040    
   716.962891       11.3269730    
   719.075684       13.1809397    
   721.188477       14.3777637    
   723.301270       15.3872862    
   725.414124       15.7206192    
   727.526917       16.0095081    
   729.639587       16.1174450    
   731.752380       16.2253799    
   733.865173       15.6507778    
   735.978027       15.0095091    
   738.090820       14.1428432    
   740.203613       14.0761766    
   742.316406       12.7841139    
   744.429199       11.6412582    
   746.541992       11.5237980    
   748.654785       11.2634811    
   750.767578       10.6984024    
   752.880371       10.1491966    
   754.993286       9.64126015    
   757.106079       9.24761009    
   759.218872       9.17141914    
   761.331726       8.33649921    
   763.444519       8.33967400    
   765.557312       8.25395966    
   767.669983       8.07618237    
   769.782776       7.43491316    
   771.895630       7.16507196    
   774.008423       6.65713596    
   776.121216       6.68888235    
   778.234009       6.06983519    
   780.346802       5.57459784    
   782.459595       5.24761391    
   784.572388       5.04443932    
   786.685181       4.38729715    
   788.797974       3.93332934    
   790.910828       3.82221842    
   793.023682       4.04126596    
   795.136475       4.05396414    
   797.249329       3.93015480    
   799.362122       3.96825004    
   801.474915       3.55237746    
   803.587585       3.03840971    
   805.700378       2.96444154    
   807.813171       2.58063245    
   809.926025       1.86793458    
   812.038818       1.58063328    
   814.151611       1.00793552    
   816.264404       1.16857028    
   818.377197      0.788888097    
   820.489990      0.637777150    
   822.602783      0.475872546    
   824.715576      0.346031398    
   826.828430      0.147174463    
   828.941284      0.213968039    
   831.054077      0.107460208    
   833.166870       8.65395963E-02
   835.279724               0
   837.392517       2.73682270E-02
   839.505188               0
   841.617981               0
   843.730774       8.36507138E-03
   845.843628               0
   847.956421               0
