PSI_7335FR_WLtr124av8nobridgetarget_dispcorrk.ascii                                                                                                                                                     
                                                                                
 Time explicit
 Intervalnr            1
           4
   651.466125               0
   653.578918               0
   655.691711               0
   657.804382               0
   659.917175      0.489950001    
   662.030029      0.722010016    
   664.142822      0.934800029    
   666.255615       1.02951002    
   668.368408       1.22671998    
   670.481201       1.60514998    
   672.593994       2.33659005    
   674.706787       2.96635008    
   676.819580       3.69573998    
   678.932373       5.63749981    
   681.045288       6.48619986    
   683.158081       8.45009995    
   685.270874       10.7297001    
   687.383728       13.3823996    
   689.496521       16.0555992    
   691.609314       20.0776997    
   693.721985       20.8362007    
   695.834778       23.7430992    
   697.947571       22.9722996    
   700.060425       24.7394009    
   702.173218       20.0326004    
   704.286011       19.5774994    
   706.398804       15.0634003    
   708.511597       14.0096998    
   710.624390       10.4017000    
   712.737183       8.74120045    
   714.849976       6.19509983    
   716.962891       5.57189989    
   719.075684       6.21969986    
   721.188477       4.85850000    
   723.301270       5.51450014    
   725.414124       4.48950005    
   727.526917       4.64529991    
   729.639587       4.23939991    
   731.752380       4.88310003    
   733.865173       3.59651995    
   735.978027       4.67399979    
   738.090820       4.26809978    
   740.203613       4.79290009    
   742.316406       4.57149982    
   744.429199       5.32180023    
   746.541992       4.41569996    
   748.654785       4.53459978    
   750.767578       4.48540020    
   752.880371       4.68219995    
   754.993286       4.55100012    
   757.106079       4.86670017    
   759.218872       4.53049994    
   761.331726       3.67359996    
   763.444519       4.21890020    
   765.557312       3.77609992    
   767.669983       3.25376010    
   769.782776       2.57849002    
   771.895630       2.90485001    
   774.008423       2.48214006    
   776.121216       2.14675999    
   778.234009       1.58383000    
   780.346802       1.78349996    
   782.459595      0.662150025    
   784.572388       1.50469995    
   786.685181      0.720369995    
   788.797974       1.40383995    
   790.910828      0.409426004    
   793.023682       1.20047998    
   795.136475      0.547349989    
   797.249329      0.747020006    
   799.362122      0.311969012    
   801.474915      0.964730024    
   803.587585      0.690029979    
   805.700378      0.932749987    
   807.813171      0.722829998    
   809.926025      0.763010025    
   812.038818      0.557190001    
   814.151611      0.801140010    
   816.264404      0.469040006    
   818.377197      0.622380018    
   820.489990      0.653129995    
   822.602783      0.705200016    
   824.715576      0.617049992    
   826.828430      0.638779998    
   828.941284      0.632629991    
   831.054077      0.717499971    
   833.166870      0.614180028    
   835.279724      0.752759993    
   837.392517      0.629760027    
   839.505188      0.811389983    
   841.617981      0.625249982    
   843.730774      0.691259980    
   845.843628      0.402004987    
   847.956421      0.655179977    
