PSI_7335FR_WLtr124av8nobridgetarget_dispcorrl.ascii                                                                                                                                                     
                                                                                
 Time explicit
 Intervalnr            1
           9
   651.466125               0
   653.578918               0
   655.691711               0
   657.804382               0
   659.917175               0
   662.030029               0
   664.142822               0
   666.255615               0
   668.368408               0
   670.481201               0
   672.593994               0
   674.706787               0
   676.819580               0
   678.932373               0
   681.045288               0
   683.158081               0
   685.270874               0
   687.383728               0
   689.496521               0
   691.609314               0
   693.721985               0
   695.834778               0
   697.947571               0
   700.060425               0
   702.173218       2.23450009E-02
   704.286011      0.133660004    
   706.398804      0.328451008    
   708.511597      0.542840004    
   710.624390      0.699869990    
   712.737183      0.941359997    
   714.849976       1.21483004    
   716.962891       1.64574003    
   719.075684       1.95980000    
   721.188477       2.61497998    
   723.301270       3.21849990    
   725.414124       4.16559982    
   727.526917       5.21110010    
   729.639587       6.48619986    
   731.752380       7.82690001    
   733.865173       8.94209957    
   735.978027       9.23729992    
   738.090820       10.4755001    
   740.203613       11.1478996    
   742.316406       11.0125999    
   744.429199       11.6440001    
   746.541992       11.7178001    
   748.654785       11.7875004    
   750.767578       10.6886997    
   752.880371       10.4263000    
   754.993286       9.83180046    
   757.106079       8.72070026    
   759.218872       8.04419994    
   761.331726       7.91300011    
   763.444519       6.74450016    
   765.557312       5.86299992    
   767.669983       5.60470009    
   769.782776       5.48990011    
   771.895630       4.65350008    
   774.008423       4.37470007    
   776.121216       4.18200016    
   778.234009       3.46040010    
   780.346802       3.68548989    
   782.459595       3.58996010    
   784.572388       3.39521003    
   786.685181       2.82612991    
   788.797974       2.75437999    
   790.910828       2.46573997    
   793.023682       2.34274006    
   795.136475       2.01186991    
   797.249329       1.99874997    
   799.362122       1.93561006    
   801.474915       1.77038002    
   803.587585       1.87820995    
   805.700378       1.74372995    
   807.813171       1.65968001    
   809.926025       1.69985998    
   812.038818       1.54446995    
   814.151611       1.24476004    
   816.264404      0.974160016    
   818.377197       1.00654995    
   820.489990      0.832710028    
   822.602783       1.04714000    
   824.715576      0.999170005    
   826.828430       1.20170999    
   828.941284       1.22959006    
   831.054077       1.02459002    
   833.166870      0.840089977    
   835.279724      0.702740014    
   837.392517      0.792530000    
   839.505188      0.792940021    
   841.617981      0.806060016    
   843.730774      0.672399998    
   845.843628      0.555140018    
   847.956421      0.497740000    
