PSI_9212FR_WLtr124av8nobridgetarget_dispcorrh.ascii                                                                                                                                                     
                                                                                
 Time explicit
 Intervalnr            1
           3
   651.466125               0
   653.578918               0
   655.691711               0
   657.804382               0
   659.917175               0
   662.030029               0
   664.142822               0
   666.255615               0
   668.368408               0
   670.481201               0
   672.593994               0
   674.706787               0
   676.819580               0
   678.932373               0
   681.045288               0
   683.158081               0
   685.270874               0
   687.383728               0
   689.496521               0
   691.609314               0
   693.721985               0
   695.834778      0.269206077    
   697.947571       1.44444299    
   700.060425       2.22856927    
   702.173218       3.55555201    
   704.286011       4.44761467    
   706.398804       6.31110477    
   708.511597       7.65713501    
   710.624390       9.70475197    
   712.737183       11.8444328    
   714.849976       13.2349072    
   716.962891       15.0825243    
   719.075684       16.5047455    
   721.188477       17.3047447    
   723.301270       18.3015690    
   725.414124       18.8222027    
   727.526917       18.6634731    
   729.639587       18.8983936    
   731.752380       18.4602985    
   733.865173       18.0285530    
   735.978027       17.9460144    
   738.090820       17.1460152    
   740.203613       15.9523649    
   742.316406       15.3015718    
   744.429199       14.4126844    
   746.541992       12.6063366    
   748.654785       12.0603056    
   750.767578       10.5142756    
   752.880371       9.70157719    
   754.993286       9.03808594    
   757.106079       8.34919834    
   759.218872       7.38729429    
   761.331726       6.81904078    
   763.444519       6.25713682    
   765.557312       5.16507435    
   767.669983       4.93967772    
   769.782776       4.69523335    
   771.895630       4.45713854    
   774.008423       4.04761505    
   776.121216       3.66031384    
   778.234009       3.32380629    
   780.346802       3.17428255    
   782.459595       3.09364772    
   784.572388       2.65333056    
   786.685181       2.64507675    
   788.797974       2.46444201    
   790.910828       2.35777545    
   793.023682       2.12888670    
   795.136475       1.99364877    
   797.249329       1.86571240    
   799.362122       1.42507792    
   801.474915       1.29587173    
   803.587585       1.17491949    
   805.700378       1.16603053    
   807.813171       1.09587193    
   809.926025       1.10793543    
   812.038818       1.11650681    
   814.151611       1.13618934    
   816.264404      0.980951428    
   818.377197      0.952380002    
   820.489990      0.988570452    
   822.602783      0.615554929    
   824.715576      0.517459810    
   826.828430      0.505713761    
   828.941284      0.604126394    
   831.054077      0.573015273    
   833.166870      0.461586833    
   835.279724      0.469523340    
   837.392517      0.403491646    
   839.505188      0.315491736    
   841.617981      0.370158374    
   843.730774      0.362539321    
   845.843628      0.339999646    
   847.956421      0.354602814    
