PSI_9212FR_WLtr124av8nobridgetarget_dispcorrj.ascii                                                                                                                                                     
                                                                                
 Time explicit
 Intervalnr            1
           5
   651.466125               0
   653.578918               0
   655.691711               0
   657.804382               0
   659.917175               0
   662.030029               0
   664.142822               0
   666.255615               0
   668.368408               0
   670.481201               0
   672.593994               0
   674.706787               0
   676.819580               0
   678.932373               0
   681.045288               0
   683.158081               0
   685.270874               0
   687.383728               0
   689.496521               0
   691.609314               0
   693.721985               0
   695.834778               0
   697.947571               0
   700.060425      0.784126222    
   702.173218      0.897141933    
   704.286011       1.00952280    
   706.398804       1.23047495    
   708.511597       1.42222083    
   710.624390       1.83491886    
   712.737183       2.28825164    
   714.849976       2.79777503    
   716.962891       3.39047289    
   719.075684       4.09205961    
   721.188477       5.02856636    
   723.301270       6.04126358    
   725.414124       7.24761200    
   727.526917       8.93649864    
   729.639587       10.8857031    
   731.752380       12.8158598    
   733.865173       15.2507782    
   735.978027       17.2158566    
   738.090820       18.7269650    
   740.203613       19.8475990    
   742.316406       20.9301376    
   744.429199       20.6825199    
   746.541992       20.1841068    
   748.654785       19.7904568    
   750.767578       18.5269661    
   752.880371       17.3460140    
   754.993286       16.1142693    
   757.106079       13.9491920    
   759.218872       12.6158600    
   761.331726       10.9396715    
   763.444519       9.89205360    
   765.557312       8.53015041    
   767.669983       7.71745253    
   769.782776       6.53650141    
   771.895630       6.06983519    
   774.008423       5.45713758    
   776.121216       4.64443970    
   778.234009       4.29840851    
   780.346802       4.23809099    
   782.459595       3.79999614    
   784.572388       3.28888559    
   786.685181       2.86888599    
   788.797974       3.12158418    
   790.910828       2.48856902    
   793.023682       2.45618796    
   795.136475       2.65809250    
   797.249329       2.81809235    
   799.362122       2.35206103    
   801.474915       1.74190307    
   803.587585       1.65269673    
   805.700378       1.76444268    
   807.813171       1.48603022    
   809.926025       1.75301409    
   812.038818       1.82158554    
   814.151611       1.95396626    
   816.264404       1.79968071    
   818.377197       1.67015707    
   820.489990       1.99079168    
   822.602783       1.66190314    
   824.715576       1.71968079    
   826.828430       1.98285520    
   828.941284       1.82158554    
   831.054077       2.05555344    
   833.166870       1.78095055    
   835.279724       1.62158573    
   837.392517       1.75777602    
   839.505188       1.45618904    
   841.617981       1.58571267    
   843.730774       1.32507801    
   845.843628       1.21364963    
   847.956421       1.18666553    
