PSI_7521FR_WLtr124av8nobridgetarget_dispcorrj.ascii                                                                                                                                                     
                                                                                
 Time explicit
 Intervalnr            1
          13
   651.466125               0
   653.578918               0
   655.691711               0
   657.804382               0
   659.917175               0
   662.030029               0
   664.142822               0
   666.255615               0
   668.368408               0
   670.481201               0
   672.593994               0
   674.706787               0
   676.819580               0
   678.932373               0
   681.045288               0
   683.158081               0
   685.270874               0
   687.383728               0
   689.496521               0
   691.609314               0
   693.721985               0
   695.834778               0
   697.947571               0
   700.060425      0.173382998    
   702.173218      0.276080012    
   704.286011      0.415071994    
   706.398804      0.426972002    
   708.511597      0.516222000    
   710.624390      0.876316011    
   712.737183       1.32756400    
   714.849976       1.94469798    
   716.962891       2.42522001    
   719.075684       3.07258010    
   721.188477       3.81276011    
   723.301270       4.70050001    
   725.414124       5.42163992    
   727.526917       6.86392021    
   729.639587       8.00632000    
   731.752380       9.55807972    
   733.865173       11.2669201    
   735.978027       12.9757605    
   738.090820       14.2419205    
   740.203613       15.2700796    
   742.316406       16.3148994    
   744.429199       16.4243793    
   746.541992       16.4600792    
   748.654785       16.4719791    
   750.767578       15.7056198    
   752.880371       14.9916201    
   754.993286       14.4941998    
   757.106079       12.2546196    
   759.218872       11.6762800    
   761.331726       10.1935396    
   763.444519       9.22725964    
   765.557312       8.08010006    
   767.669983       7.11382008    
   769.782776       6.00235987    
   771.895630       5.50969982    
   774.008423       4.91945982    
   776.121216       4.01268005    
   778.234009       3.53906012    
   780.346802       3.37007999    
   782.459595       2.64418006    
   784.572388       2.07845402    
   786.685181       1.41181600    
   788.797974       1.56746805    
   790.910828      0.933197975    
   793.023682      0.877506018    
   795.136475      0.899878025    
   797.249329      0.961758018    
   799.362122      0.586669981    
   801.474915      0.834904015    
   803.587585      0.698292017    
   805.700378      0.615468025    
   807.813171      0.564297974    
   809.926025       1.06290805    
   812.038818       1.03339601    
   814.151611       1.02554202    
   816.264404       1.06623995    
   818.377197      0.837759972    
   820.489990       1.37064195    
   822.602783       1.38492203    
   824.715576       1.19618797    
   826.828430       1.27210999    
   828.941284       1.36778605    
   831.054077       1.38920605    
   833.166870       1.22236800    
   835.279724       1.15739405    
   837.392517       1.23545802    
   839.505188      0.881551981    
   841.617981      0.998647988    
   843.730774      0.936529994    
   845.843628      0.991270006    
   847.956421      0.892261982    
