PSI_7521FR_WLtr124av8nobridgetarget_dispcorrf.ascii                                                                                                                                                     
                                                                                
 Time explicit
 Intervalnr            1
          12
   651.466125      0.265846014    
   653.578918      0.345099986    
   655.691711      0.510272026    
   657.804382      0.659497976    
   659.917175      0.835380018    
   662.030029       1.14430404    
   664.142822       1.68004203    
   666.255615       2.09773207    
   668.368408       3.01307988    
   670.481201       3.92700005    
   672.593994       5.40021992    
   674.706787       6.96150017    
   676.819580       8.37998009    
   678.932373       10.0983400    
   681.045288       11.6215401    
   683.158081       12.6330404    
   685.270874       13.1328402    
   687.383728       13.3922596    
   689.496521       13.1161804    
   691.609314       12.3069801    
   693.721985       11.9975796    
   695.834778       10.6909599    
   697.947571       9.72467995    
   700.060425       8.90834045    
   702.173218       7.82306004    
   704.286011       6.11897993    
   706.398804       5.77150011    
   708.511597       5.44305992    
   710.624390       4.88375998    
   712.737183       4.26734018    
   714.849976       3.46052003    
   716.962891       2.74176002    
   719.075684       2.32240391    
   721.188477       1.98777604    
   723.301270       1.59459996    
   725.414124       1.99467802    
   727.526917       1.77690804    
   729.639587       1.85520995    
   731.752380       1.76857805    
   733.865173       1.80737197    
   735.978027       1.71693206    
   738.090820       1.89019597    
   740.203613       1.91542399    
   742.316406       1.65885997    
   744.429199       1.75406003    
   746.541992       1.95755005    
   748.654785       1.77286196    
   750.767578       1.70693600    
   752.880371       1.65172005    
   754.993286       1.23379195    
   757.106079       1.44656396    
   759.218872       1.33732200    
   761.331726       1.27639401    
   763.444519       1.12693000    
   765.557312       1.08527994    
   767.669983      0.890357971    
   769.782776      0.706622005    
   771.895630      0.568581998    
   774.008423      0.578339994    
   776.121216      0.468621999    
   778.234009      0.424829990    
   780.346802      0.260610014    
   782.459595      0.295120001    
   784.572388      0.107813999    
   786.685181      0.170479402    
   788.797974      0.136516795    
   790.910828      0.255611986    
   793.023682      0.130995199    
   795.136475      0.135065004    
   797.249329       3.61284008E-03
   799.362122               0
   801.474915               0
   803.587585               0
   805.700378               0
   807.813171               0
   809.926025               0
   812.038818               0
   814.151611               0
   816.264404               0
   818.377197               0
   820.489990               0
   822.602783               0
   824.715576               0
   826.828430               0
   828.941284               0
   831.054077               0
   833.166870               0
   835.279724               0
   837.392517               0
   839.505188               0
   841.617981               0
   843.730774               0
   845.843628               0
   847.956421               0
