PSI_7521FR_WLtr124av8nobridgetarget_dispcorrg.ascii                                                                                                                                                     
                                                                                
 Time explicit
 Intervalnr            1
           2
   651.466125               0
   653.578918               0
   655.691711               0
   657.804382       5.19791991E-02
   659.917175      0.165528998    
   662.030029      0.292264014    
   664.142822      0.434825987    
   666.255615      0.643314004    
   668.368408      0.857038021    
   670.481201       1.14858794    
   672.593994       1.59317195    
   674.706787       1.86687195    
   676.819580       2.55611992    
   678.932373       3.15826011    
   681.045288       3.65330005    
   683.158081       4.46963978    
   685.270874       5.28359985    
   687.383728       5.68105984    
   689.496521       6.42838001    
   691.609314       7.01147985    
   693.721985       7.98490000    
   695.834778       8.74650002    
   697.947571       9.20345974    
   700.060425       9.53666019    
   702.173218       10.2768402    
   704.286011       11.0670004    
   706.398804       11.1122198    
   708.511597       11.3668804    
   710.624390       11.7191200    
   712.737183       11.8119402    
   714.849976       11.6096401    
   716.962891       11.1265001    
   719.075684       10.2863598    
   721.188477       9.86985970    
   723.301270       8.91071987    
   725.414124       8.12294006    
   727.526917       7.81591988    
   729.639587       7.14951992    
   731.752380       6.65685987    
   733.865173       6.12135983    
   735.978027       5.34547997    
   738.090820       5.10985994    
   740.203613       4.60054016    
   742.316406       4.00078011    
   744.429199       3.54620004    
   746.541992       3.57951999    
   748.654785       3.35342002    
   750.767578       3.38436007    
   752.880371       3.35818005    
   754.993286       3.14398003    
   757.106079       2.82030010    
   759.218872       2.83220005    
   761.331726       2.69892001    
   763.444519       2.72510004    
   765.557312       2.83696008    
   767.669983       2.72747993    
   769.782776       2.61324000    
   771.895630       2.40856004    
   774.008423       2.20126200    
   776.121216       2.23529601    
   778.234009       2.24362612    
   780.346802       2.17912793    
   782.459595       2.00300789    
   784.572388       2.15104389    
   786.685181       2.00848198    
   788.797974       1.86639595    
   790.910828       1.76215196    
   793.023682       1.65671802    
   795.136475       1.62316000    
   797.249329       1.62554002    
   799.362122       1.55199802    
   801.474915       1.43252206    
   803.587585       1.37492597    
   805.700378       1.20618403    
   807.813171       1.10693800    
   809.926025      0.935815990    
   812.038818      0.780878007    
   814.151611      0.636174023    
   816.264404      0.588573992    
   818.377197      0.515983999    
   820.489990      0.356523991    
   822.602783      0.528122008    
   824.715576      0.490756005    
   826.828430      0.432684004    
   828.941284      0.268225998    
   831.054077      0.275128007    
   833.166870      0.228456199    
   835.279724      0.149321198    
   837.392517      0.139777407    
   839.505188      0.122427203    
   841.617981       7.22806007E-02
   843.730774       3.12255993E-02
   845.843628       8.03488027E-03
   847.956421       7.35895999E-04
