PSI_7203FR_WLtr124av8nobridgetarget_dispcorrn.ascii                                                                                                                                                     
                                                                                
 Time explicit
 Intervalnr            1
          19
   651.466125               0
   653.578918               0
   655.691711               0
   657.804382               0
   659.917175               0
   662.030029               0
   664.142822               0
   666.255615               0
   668.368408               0
   670.481201               0
   672.593994               0
   674.706787               0
   676.819580               0
   678.932373               0
   681.045288               0
   683.158081               0
   685.270874               0
   687.383728               0
   689.496521               0
   691.609314               0
   693.721985               0
   695.834778               0
   697.947571               0
   700.060425      0.543988407    
   702.173218      0.636514306    
   704.286011      0.838050604    
   706.398804      0.982422888    
   708.511597       1.13849390    
   710.624390       1.41447628    
   712.737183       1.74496388    
   714.849976       2.14165545    
   716.962891       2.63725376    
   719.075684       3.18523049    
   721.188477       3.79941082    
   723.301270       4.48271990    
   725.414124       5.14741755    
   727.526917       5.77755070    
   729.639587       6.41034269    
   731.752380       6.95007706    
   733.865173       7.13353348    
   735.978027       7.23988533    
   738.090820       7.37016582    
   740.203613       7.13353348    
   742.316406       6.78257322    
   744.429199       6.41034269    
   746.541992       5.87592602    
   748.654785       5.54091835    
   750.767578       4.66883516    
   752.880371       4.23811150    
   754.993286       3.73294115    
   757.106079       3.25967646    
   759.218872       2.73589492    
   761.331726       2.43651509    
   763.444519       2.05418110    
   765.557312       1.81249714    
   767.669983       1.51311743    
   769.782776       1.43627834    
   771.895630       1.22756338    
   774.008423       1.09781444    
   776.121216       1.02044356    
   778.234009      0.925258934    
   780.346802      0.901329815    
   782.459595      0.909040272    
   784.572388      0.841772914    
   786.685181      0.819704950    
   788.797974      0.789394736    
   790.910828      0.730103731    
   793.023682      0.755096376    
   795.136475      0.783013642    
   797.249329      0.937223494    
   799.362122      0.897075772    
   801.474915      0.821034372    
   803.587585      0.759350419    
   805.700378      0.695539474    
   807.813171      0.589985490    
   809.926025      0.637311935    
   812.038818      0.656189382    
   814.151611      0.626145065    
   816.264404      0.540000260    
   818.377197      0.482570380    
   820.489990      0.465554118    
   822.602783      0.471403480    
   824.715576      0.426469922    
   826.828430      0.331551105    
   828.941284      0.368774176    
   831.054077      0.341388643    
   833.166870      0.312407821    
   835.279724      0.279172957    
   837.392517      0.233893752    
   839.505188      0.244050339    
   841.617981      0.223497882    
   843.730774      0.195952818    
   845.843628      0.184945434    
   847.956421      0.148440242    
