PSI_7521FR_WLtr124av8nobridgetarget_dispcorrk.ascii                                                                                                                                                     
                                                                                
 Time explicit
 Intervalnr            1
          14
   651.466125               0
   653.578918               0
   655.691711               0
   657.804382               0
   659.917175               0
   662.030029               0
   664.142822               0
   666.255615               0
   668.368408               0
   670.481201               0
   672.593994               0
   674.706787               0
   676.819580               0
   678.932373               0
   681.045288               0
   683.158081               0
   685.270874               0
   687.383728               0
   689.496521               0
   691.609314               0
   693.721985               0
   695.834778               0
   697.947571               0
   700.060425               0
   702.173218               0
   704.286011               0
   706.398804               0
   708.511597               0
   710.624390               0
   712.737183               0
   714.849976               0
   716.962891               0
   719.075684               0
   721.188477               0
   723.301270               0
   725.414124               0
   727.526917               0
   729.639587               0
   731.752380               0
   733.865173               0
   735.978027      0.100745402    
   738.090820      0.559538007    
   740.203613      0.858941972    
   742.316406       1.26092398    
   744.429199       1.67361605    
   746.541992       2.04275393    
   748.654785       2.72271991    
   750.767578       3.02022004    
   752.880371       3.50812006    
   754.993286       3.96508002    
   757.106079       4.46012020    
   759.218872       4.41728020    
   761.331726       5.13842010    
   763.444519       5.26456022    
   765.557312       6.05234003    
   767.669983       6.28081989    
   769.782776       7.23044014    
   771.895630       7.63028002    
   774.008423       8.47994041    
   776.121216       9.32246017    
   778.234009       10.1483202    
   780.346802       11.0217800    
   782.459595       11.7262602    
   784.572388       12.4307404    
   786.685181       13.2494602    
   788.797974       13.4612799    
   790.910828       14.0134401    
   793.023682       14.1895599    
   795.136475       13.5398197    
   797.249329       13.1637802    
   799.362122       12.3926601    
   801.474915       11.2335997    
   803.587585       10.4148798    
   805.700378       10.0412197    
   807.813171       9.49143982    
   809.926025       8.64653969    
   812.038818       7.84685993    
   814.151611       7.08525991    
   816.264404       6.07376003    
   818.377197       5.71676016    
   820.489990       4.58625984    
   822.602783       4.32446003    
   824.715576       3.79372001    
   826.828430       3.26774001    
   828.941284       2.78221989    
   831.054077       2.50137997    
   833.166870       2.26219010    
   835.279724       1.88496006    
   837.392517       1.57960606    
   839.505188       1.65529001    
   841.617981       1.29709995    
   843.730774       1.16572404    
   845.843628       1.09527600    
   847.956421      0.995078027    
