PSI_7335FR_WLtr124av8nobridgetarget_dispcorrg.ascii                                                                                                                                                     
                                                                                
 Time explicit
 Intervalnr            1
           2
   651.466125               0
   653.578918               0
   655.691711       1.52192004E-02
   657.804382       7.08890036E-02
   659.917175      0.210002005    
   662.030029      0.368548989    
   664.142822      0.535870016    
   666.255615      0.805239975    
   668.368408       1.08568001    
   670.481201       1.45140004    
   672.593994       1.99588001    
   674.706787       2.30748010    
   676.819580       3.15535998    
   678.932373       3.89376998    
   681.045288       4.51000023    
   683.158081       5.59240007    
   685.270874       6.69119978    
   687.383728       7.20779991    
   689.496521       8.13029957    
   691.609314       8.98719978    
   693.721985       10.1475000    
   695.834778       11.0945997    
   697.947571       11.6850004    
   700.060425       12.1975002    
   702.173218       13.2798996    
   704.286011       14.3787003    
   706.398804       14.5345001    
   708.511597       14.8666000    
   710.624390       15.1740999    
   712.737183       15.2151003    
   714.849976       14.8912001    
   716.962891       14.1613998    
   719.075684       13.1240997    
   721.188477       12.5951996    
   723.301270       11.3979998    
   725.414124       10.3976002    
   727.526917       9.95890045    
   729.639587       9.15120029    
   731.752380       8.60179996    
   733.865173       7.76949978    
   735.978027       6.87570000    
   738.090820       6.56409979    
   740.203613       5.94089985    
   742.316406       5.21929979    
   744.429199       4.61660004    
   746.541992       4.67399979    
   748.654785       4.37470007    
   750.767578       4.34600019    
   752.880371       4.43209982    
   754.993286       4.05162001    
   757.106079       3.61046004    
   759.218872       3.68754005    
   761.331726       3.51328993    
   763.444519       3.54280996    
   765.557312       3.75805998    
   767.669983       3.56576991    
   769.782776       3.42104006    
   771.895630       3.19349003    
   774.008423       2.87286997    
   776.121216       2.87122989    
   778.234009       2.88229990    
   780.346802       2.76791000    
   782.459595       2.56619000    
   784.572388       2.70025992    
   786.685181       2.53462005    
   788.797974       2.37512994    
   790.910828       2.22219992    
   793.023682       2.11477995    
   795.136475       2.02950001    
   797.249329       2.03154993    
   799.362122       1.94790995    
   801.474915       1.81753004    
   803.587585       1.74906003    
   805.700378       1.59244001    
   807.813171       1.40465999    
   809.926025       1.17546999    
   812.038818       1.07993996    
   814.151611      0.796220005    
   816.264404      0.765879989    
   818.377197      0.657639980    
   820.489990      0.446489990    
   822.602783      0.658050001    
   824.715576      0.600650012    
   826.828430      0.445259988    
   828.941284      0.302047014    
   831.054077      0.289665014    
   833.166870      0.209181994    
   835.279724       8.32300037E-02
   837.392517       8.05649981E-02
   839.505188       8.56489986E-02
   841.617981       1.01926001E-02
   843.730774               0
   845.843628               0
   847.956421               0
