PSI_7335FR_WLtr124av8nobridgetarget_dispcorrj.ascii                                                                                                                                                     
                                                                                
 Time explicit
 Intervalnr            1
          19
   651.466125               0
   653.578918               0
   655.691711               0
   657.804382               0
   659.917175               0
   662.030029               0
   664.142822               0
   666.255615               0
   668.368408               0
   670.481201               0
   672.593994               0
   674.706787               0
   676.819580               0
   678.932373               0
   681.045288               0
   683.158081               0
   685.270874               0
   687.383728               0
   689.496521               0
   691.609314               0
   693.721985               0
   695.834778               0
   697.947571               0
   700.060425       1.01680005    
   702.173218       1.14061999    
   704.286011       1.28002000    
   706.398804       1.35669005    
   708.511597       1.51413000    
   710.624390       1.73224998    
   712.737183       1.98686004    
   714.849976       2.33413005    
   716.962891       2.78390002    
   719.075684       3.28164005    
   721.188477       3.90196991    
   723.301270       4.48950005    
   725.414124       5.05119991    
   727.526917       5.52680016    
   729.639587       6.02290010    
   731.752380       6.38369989    
   733.865173       6.26070023    
   735.978027       6.21560001    
   738.090820       6.24020004    
   740.203613       5.96140003    
   742.316406       5.62930012    
   744.429199       5.35869980    
   746.541992       4.91179991    
   748.654785       4.56739998    
   750.767578       3.98888993    
   752.880371       3.67442012    
   754.993286       3.29229999    
   757.106079       2.89911008    
   759.218872       2.45426011    
   761.331726       2.22548008    
   763.444519       1.93602002    
   765.557312       1.74208999    
   767.669983       1.51126003    
   769.782776       1.43745995    
   771.895630       1.25214005    
   774.008423       1.12545002    
   776.121216       1.09798002    
   778.234009      0.965960026    
   780.346802      0.905279994    
   782.459595      0.838039994    
   784.572388      0.829020023    
   786.685181      0.808109999    
   788.797974      0.809340000    
   790.910828      0.756860018    
   793.023682      0.742100000    
   795.136475      0.764649987    
   797.249329      0.790889978    
   799.362122      0.776539981    
   801.474915      0.780640006    
   803.587585      0.778180003    
   805.700378      0.749480009    
   807.813171      0.702740014    
   809.926025      0.725700021    
   812.038818      0.705609977    
   814.151611      0.680190027    
   816.264404      0.620739996    
   818.377197      0.574000001    
   820.489990      0.536689997    
   822.602783      0.571129978    
   824.715576      0.546119988    
   826.828430      0.475190014    
   828.941284      0.490770012    
   831.054077      0.471910000    
   833.166870      0.442389995    
   835.279724      0.382366002    
   837.392517      0.332592010    
   839.505188      0.349483997    
   841.617981      0.324187011    
   843.730774      0.286549002    
   845.843628      0.304834992    
   847.956421      0.282777011    
