PSI_7203FR_WLtr124av8nobridgetarget_dispcorrl.ascii                                                                                                                                                     
                                                                                
 Time explicit
 Intervalnr            1
           7
   651.466125               0
   653.578918               0
   655.691711               0
   657.804382               0
   659.917175               0
   662.030029               0
   664.142822               0
   666.255615               0
   668.368408               0
   670.481201               0
   672.593994               0
   674.706787               0
   676.819580               0
   678.932373               0
   681.045288               0
   683.158081               0
   685.270874               0
   687.383728               0
   689.496521               0
   691.609314               0
   693.721985               0
   695.834778               0
   697.947571               0
   700.060425               0
   702.173218      0.400945544    
   704.286011      0.998907387    
   706.398804       1.79415154    
   708.511597       3.42983913    
   710.624390       4.97459602    
   712.737183       6.48213005    
   714.849976       8.17312050    
   716.962891       9.48656273    
   719.075684       11.0392962    
   721.188477       12.0416603    
   723.301270       12.8871555    
   725.414124       13.1663284    
   727.526917       13.4082775    
   729.639587       13.4986773    
   731.752380       13.5890760    
   733.865173       13.1078348    
   735.978027       12.5707588    
   738.090820       11.8449097    
   740.203613       11.7890749    
   742.316406       10.7069473    
   744.429199       9.74978256    
   746.541992       9.65140724    
   748.654785       9.43338680    
   750.767578       8.96012211    
   752.880371       8.50015163    
   754.993286       8.07474518    
   757.106079       7.74505520    
   759.218872       7.68124437    
   761.331726       6.98198271    
   763.444519       6.98464155    
   765.557312       6.91285419    
   767.669983       6.76396179    
   769.782776       6.22688627    
   771.895630       6.00088882    
   774.008423       5.57548285    
   776.121216       5.60207033    
   778.234009       5.08360624    
   780.346802       4.66883516    
   782.459595       4.39497995    
   784.572388       4.22481728    
   786.685181       3.67444777    
   788.797974       3.29424071    
   790.910828       3.20118308    
   793.023682       3.38463974    
   795.136475       3.39527488    
   797.249329       3.29158211    
   799.362122       3.32348752    
   801.474915       2.97518611    
   803.587585       2.54472780    
   805.700378       2.48277807    
   807.813171       2.16133046    
   809.926025       1.56443202    
   812.038818       1.32381153    
   814.151611      0.844165802    
   816.264404      0.978700578    
   818.377197      0.660709321    
   820.489990      0.534150898    
   822.602783      0.398552626    
   824.715576      0.289808124    
   826.828430      0.123261504    
   828.941284      0.179202452    
   831.054077       9.00000408E-02
   833.166870       7.24786147E-02
   835.279724               0
   837.392517       2.29214281E-02
   839.505188               0
   841.617981               0
   843.730774       7.00591179E-03
   845.843628               0
   847.956421               0
