PSI_7203FR_WLtr124av8nobridgetarget_dispcorrj.ascii                                                                                                                                                     
                                                                                
 Time explicit
 Intervalnr            1
          16
   651.466125               0
   653.578918               0
   655.691711               0
   657.804382               0
   659.917175               0
   662.030029               0
   664.142822               0
   666.255615               0
   668.368408               0
   670.481201               0
   672.593994               0
   674.706787               0
   676.819580               0
   678.932373               0
   681.045288               0
   683.158081               0
   685.270874               0
   687.383728               0
   689.496521               0
   691.609314               0
   693.721985               0
   695.834778               0
   697.947571               0
   700.060425               0
   702.173218               0
   704.286011               0
   706.398804               0
   708.511597      0.117598280    
   710.624390      0.249899670    
   712.737183      0.456514239    
   714.849976      0.711492181    
   716.962891       1.00980842    
   719.075684       1.44319117    
   721.188477       1.87045872    
   723.301270       2.36339831    
   725.414124       2.92466903    
   727.526917       3.84195161    
   729.639587       4.81240988    
   731.752380       6.12851095    
   733.865173       7.77164316    
   735.978027       9.47326851    
   738.090820       11.1296949    
   740.203613       12.7914391    
   742.316406       14.7802134    
   744.429199       16.4579105    
   746.541992       17.9255619    
   748.654785       19.8239384    
   750.767578       20.5364933    
   752.880371       21.4670696    
   754.993286       21.9908524    
   757.106079       20.7545147    
   759.218872       20.8103485    
   761.331726       19.3613091    
   763.444519       17.2794762    
   765.557312       15.5725327    
   767.669983       13.5704641    
   769.782776       11.4035501    
   771.895630       9.91196918    
   774.008423       8.30074215    
   776.121216       6.72939730    
   778.234009       5.34682655    
   780.346802       4.54387188    
   782.459595       3.19586563    
   784.572388       2.14378238    
   786.685181       1.40570223    
   788.797974       1.03506696    
   790.910828      0.228150770    
   793.023682      0.108239338    
   795.136475       4.99320775E-02
   797.249329      0.330487609    
   799.362122               0
   801.474915       6.51403517E-02
   803.587585      0.170003027    
   805.700378       6.70280978E-02
   807.813171               0
   809.926025               0
   812.038818               0
   814.151611               0
   816.264404               0
   818.377197      0.183456510    
   820.489990      0.304165572    
   822.602783      0.441625029    
   824.715576      0.651669443    
   826.828430      0.701920569    
   828.941284      0.558877647    
   831.054077      0.709631026    
   833.166870      0.609926403    
   835.279724      0.638641357    
   837.392517      0.588124335    
   839.505188      0.574298620    
   841.617981      0.403604329    
   843.730774      0.446144968    
   845.843628      0.580147982    
   847.956421      0.637046099    
