PSI_7521FR_WLtr124av8nobridgetarget_dispcorrh.ascii                                                                                                                                                     
                                                                                
 Time explicit
 Intervalnr            1
           3
   651.466125               0
   653.578918               0
   655.691711               0
   657.804382               0
   659.917175               0
   662.030029               0
   664.142822               0
   666.255615               0
   668.368408               0
   670.481201               0
   672.593994               0
   674.706787               0
   676.819580               0
   678.932373               0
   681.045288               0
   683.158081               0
   685.270874               0
   687.383728               0
   689.496521               0
   691.609314               0
   693.721985               0
   695.834778      0.201823995    
   697.947571       1.08290005    
   700.060425       1.67076004    
   702.173218       2.66560006    
   704.286011       3.33437991    
   706.398804       4.73144007    
   708.511597       5.74056005    
   710.624390       7.27566004    
   712.737183       8.87977982    
   714.849976       9.92222023    
   716.962891       11.3073797    
   719.075684       12.3736200    
   721.188477       12.9733801    
   723.301270       13.7207003    
   725.414124       14.1110201    
   727.526917       13.9920197    
   729.639587       14.1681404    
   731.752380       13.8396997    
   733.865173       13.5160198    
   735.978027       13.4541397    
   738.090820       12.8543797    
   740.203613       11.9595003    
   742.316406       11.4715996    
   744.429199       10.8051996    
   746.541992       9.45098019    
   748.654785       9.04162025    
   750.767578       7.88255978    
   752.880371       7.27328014    
   754.993286       6.77585983    
   757.106079       6.25939989    
   759.218872       5.53825998    
   761.331726       5.11223984    
   763.444519       4.69097996    
   765.557312       3.87226009    
   767.669983       3.70327997    
   769.782776       3.52002001    
   771.895630       3.34152007    
   774.008423       3.03449988    
   776.121216       2.74413991    
   778.234009       2.49185991    
   780.346802       2.37976193    
   782.459595       2.31930995    
   784.572388       1.98920405    
   786.685181       1.98301601    
   788.797974       1.84759402    
   790.910828       1.76762605    
   793.023682       1.59602797    
   795.136475       1.49463999    
   797.249329       1.39872599    
   799.362122       1.06838202    
   801.474915      0.971516013    
   803.587585      0.880837977    
   805.700378      0.874173999    
   807.813171      0.821575999    
   809.926025      0.830619991    
   812.038818      0.837046027    
   814.151611      0.851801991    
   816.264404      0.735419989    
   818.377197      0.713999987    
   820.489990      0.741132021    
   822.602783      0.461481988    
   824.715576      0.387939990    
   826.828430      0.379133999    
   828.941284      0.452914000    
   831.054077      0.429589987    
   833.166870      0.346051991    
   835.279724      0.352001995    
   837.392517      0.302498013    
   839.505188      0.236524403    
   841.617981      0.277507991    
   843.730774      0.271795988    
   845.843628      0.254898012    
   847.956421      0.265846014    
