PSI_9212FR_WLtr124av8nobridgetarget_dispcorrg.ascii                                                                                                                                                     
                                                                                
 Time explicit
 Intervalnr            1
           2
   651.466125               0
   653.578918               0
   655.691711               0
   657.804382       6.93332627E-02
   659.917175      0.220793426    
   662.030029      0.389840871    
   664.142822      0.579999447    
   666.255615      0.858094394    
   668.368408       1.14317346    
   670.481201       1.53206193    
   672.593994       2.12507725    
   674.706787       2.49015617    
   676.819580       3.40952039    
   678.932373       4.21269417    
   681.045288       4.87301111    
   683.158081       5.96189880    
   685.270874       7.04761219    
   687.383728       7.57777023    
   689.496521       8.57459450    
   691.609314       9.35237122    
   693.721985       10.6507826    
   695.834778       11.6666546    
   697.947571       12.2761784    
   700.060425       12.7206221    
   702.173218       13.7079229    
   704.286011       14.7618904    
   706.398804       14.8222075    
   708.511597       15.1618900    
   710.624390       15.6317301    
   712.737183       15.7555399    
   714.849976       15.4856987    
   716.962891       14.8412552    
   719.075684       13.7206211    
   721.188477       13.1650658    
   723.301270       11.8857021    
   725.414124       10.8349094    
   727.526917       10.4253864    
   729.639587       9.53649807    
   731.752380       8.87935638    
   733.865173       8.16507149    
   735.978027       7.13015175    
   738.090820       6.81586599    
   740.203613       6.13650179    
   742.316406       5.33650255    
   744.429199       4.73015404    
   746.541992       4.77459860    
   748.654785       4.47301149    
   750.767578       4.51428127    
   752.880371       4.47936058    
   754.993286       4.19364643    
   757.106079       3.76190090    
   759.218872       3.77777410    
   761.331726       3.59999633    
   763.444519       3.63491702    
   765.557312       3.78412318    
   767.669983       3.63809156    
   769.782776       3.48571086    
   771.895630       3.21269512    
   774.008423       2.93618751    
   776.121216       2.98158431    
   778.234009       2.99269533    
   780.346802       2.90666366    
   782.459595       2.67174339    
   784.572388       2.86920357    
   786.685181       2.67904496    
   788.797974       2.48952127    
   790.910828       2.35047388    
   793.023682       2.20983911    
   795.136475       2.16507721    
   797.249329       2.16825175    
   799.362122       2.07015657    
   801.474915       1.91079175    
   803.587585       1.83396637    
   805.700378       1.60888731    
   807.813171       1.47650647    
   809.926025       1.24825275    
   812.038818       1.04158628    
   814.151611      0.848570585    
   816.264404      0.785078585    
   818.377197      0.688253284    
   820.489990      0.475555092    
   822.602783      0.704443753    
   824.715576      0.654602528    
   826.828430      0.577142298    
   828.941284      0.357777417    
   831.054077      0.366983771    
   833.166870      0.304729849    
   835.279724      0.199174404    
   837.392517      0.186444253    
   839.505188      0.163301423    
   841.617981       9.64125991E-02
   843.730774       4.16507535E-02
   845.843628       1.07174497E-02
   847.956421       9.81586287E-04
