PSI_7335FR_WLtr124av8nobridgetarget_dispcorri.ascii                                                                                                                                                     
                                                                                
 Time explicit
 Intervalnr            1
          18
   651.466125      0.327057004    
   653.578918      0.377692014    
   655.691711      0.435420007    
   657.804382      0.538739979    
   659.917175      0.730620027    
   662.030029      0.990149975    
   664.142822       1.34151995    
   666.255615       1.86755002    
   668.368408       2.45303011    
   670.481201       3.12543011    
   672.593994       3.97043991    
   674.706787       4.76009989    
   676.819580       5.34639978    
   678.932373       5.68669987    
   681.045288       5.76870012    
   683.158081       5.83430004    
   685.270874       5.52680016    
   687.383728       4.94869995    
   689.496521       4.50180006    
   691.609314       3.87081003    
   693.721985       3.13035011    
   695.834778       2.72362995    
   697.947571       2.51986003    
   700.060425      0.673219979    
   702.173218      0.487489998    
   704.286011      0.255430013    
   706.398804      0.107133001    
   708.511597       5.71950004E-02
   710.624390               0
   712.737183               0
   714.849976               0
   716.962891               0
   719.075684               0
   721.188477               0
   723.301270               0
   725.414124       6.46570027E-02
   727.526917      0.133209005    
   729.639587      0.243827000    
   731.752380      0.485850006    
   733.865173      0.662150025    
   735.978027      0.868380010    
   738.090820       1.03320003    
   740.203613       1.18982005    
   742.316406       1.20826995    
   744.429199      0.945050001    
   746.541992      0.882730007    
   748.654785      0.822049975    
   750.767578      0.653540015    
   752.880371      0.515779972    
   754.993286      0.378183991    
   757.106079      0.159121007    
   759.218872      0.239727005    
   761.331726      0.195815995    
   763.444519      0.154447004    
   765.557312       4.04547006E-02
   767.669983               0
   769.782776       6.92080008E-03
   771.895630       1.40425004E-02
   774.008423       9.43410024E-02
   776.121216       3.93969007E-02
   778.234009       1.86058003E-02
   780.346802      0.137062997    
   782.459595      0.148050994    
   784.572388       4.16559987E-02
   786.685181      0.194216996    
   788.797974      0.149813995    
   790.910828      0.250510007    
   793.023682      0.234642997    
   795.136475      0.136571005    
   797.249329      0.217668995    
   799.362122      0.214881003    
   801.474915               0
   803.587585               0
   805.700378               0
   807.813171               0
   809.926025       6.94949999E-02
   812.038818      0.107337996    
   814.151611      0.105164997    
   816.264404       9.47920009E-02
   818.377197      0.103279002    
   820.489990      0.185156003    
   822.602783      0.176627994    
   824.715576      0.168797001    
   826.828430      0.205983996    
   828.941284      0.215618998    
   831.054077      0.211723998    
   833.166870      0.218407005    
   835.279724      0.255389005    
   837.392517      0.297044992    
   839.505188      0.262400001    
   841.617981      0.277036995    
   843.730774      0.310779989    
   845.843628      0.324351013    
   847.956421      0.340669006    
