PSI_7203FR_WLtr124av8nobridgetarget_dispcorrh.ascii                                                                                                                                                     
                                                                                
 Time explicit
 Intervalnr            1
           3
   651.466125               0
   653.578918               0
   655.691711               0
   657.804382               0
   659.917175               0
   662.030029               0
   664.142822               0
   666.255615               0
   668.368408               0
   670.481201               0
   672.593994               0
   674.706787               0
   676.819580               0
   678.932373               0
   681.045288               0
   683.158081               0
   685.270874               0
   687.383728               0
   689.496521               0
   691.609314               0
   693.721985               0
   695.834778      0.225465387    
   697.947571       1.20974946    
   700.060425       1.86647058    
   702.173218       2.97784472    
   704.286011       3.72496486    
   706.398804       5.28567457    
   708.511597       6.41300154    
   710.624390       8.12792110    
   712.737183       9.91994572    
   714.849976       11.0844955    
   716.962891       12.6319113    
   719.075684       13.8230495    
   721.188477       14.4930639    
   723.301270       15.3279247    
   725.414124       15.7639656    
   727.526917       15.6310263    
   729.639587       15.8277769    
   731.752380       15.4608641    
   733.865173       15.0992680    
   735.978027       15.0301399    
   738.090820       14.3601246    
   740.203613       13.3604193    
   742.316406       12.8153677    
   744.429199       12.0709066    
   746.541992       10.5580549    
   748.654785       10.1007433    
   750.767578       8.80591202    
   752.880371       8.12526226    
   754.993286       7.56957531    
   757.106079       6.99261761    
   759.218872       6.18700457    
   761.331726       5.71108103    
   763.444519       5.24047518    
   765.557312       4.32585144    
   767.669983       4.13707733    
   769.782776       3.93235040    
   771.895630       3.73294115    
   774.008423       3.38995719    
   776.121216       3.06558490    
   778.234009       2.78375316    
   780.346802       2.65852404    
   782.459595       2.59099078    
   784.572388       2.22221661    
   786.685181       2.21530390    
   788.797974       2.06401873    
   790.910828       1.97468328    
   793.023682       1.78298461    
   795.136475       1.66972017    
   797.249329       1.56257093    
   799.362122       1.19353080    
   801.474915       1.08531809    
   803.587585      0.984018207    
   805.700378      0.976573586    
   807.813171      0.917814314    
   809.926025      0.927917719    
   812.038818      0.935096443    
   814.151611      0.951580942    
   816.264404      0.821566105    
   818.377197      0.797636986    
   820.489990      0.827947199    
   822.602783      0.515539408    
   824.715576      0.433382779    
   826.828430      0.423545241    
   828.941284      0.505967736    
   831.054077      0.479911596    
   833.166870      0.386588067    
   835.279724      0.393235028    
   837.392517      0.337932199    
   839.505188      0.264230549    
   841.617981      0.310014904    
   843.730774      0.303633809    
   845.843628      0.284756422    
   847.956421      0.296986848    
