PSI_9212FR_WLtr124av8nobridgetarget_dispcorri.ascii                                                                                                                                                     
                                                                                
 Time explicit
 Intervalnr            1
           4
   651.466125               0
   653.578918               0
   655.691711               0
   657.804382               0
   659.917175      0.321904451    
   662.030029      0.417142451    
   664.142822      0.598412097    
   666.255615      0.811427772    
   668.368408       1.12761796    
   670.481201       1.52285564    
   672.593994       1.99142659    
   674.706787       2.95713997    
   676.819580       3.52380610    
   678.932373       4.98729658    
   681.045288       6.20634317    
   683.158081       8.68887997    
   685.270874       10.9364967    
   687.383728       14.4253826    
   689.496521       16.7872849    
   691.609314       20.9396610    
   693.721985       21.1110897    
   695.834778       24.0158482    
   697.947571       23.2856903    
   700.060425       24.4031506    
   702.173218       20.0856934    
   704.286011       19.9809322    
   706.398804       15.8190317    
   708.511597       14.5618906    
   710.624390       11.3841152    
   712.737183       10.0317364    
   714.849976       7.70792866    
   716.962891       6.92697716    
   719.075684       7.47618294    
   721.188477       5.80316877    
   723.301270       6.26983500    
   725.414124       5.04443932    
   727.526917       5.33650255    
   729.639587       4.41904306    
   731.752380       5.03174114    
   733.865173       3.86031365    
   735.978027       4.75872517    
   738.090820       4.30158281    
   740.203613       4.75872517    
   742.316406       4.50793219    
   744.429199       5.35872459    
   746.541992       4.27301168    
   748.654785       4.33015442    
   750.767578       4.72697926    
   752.880371       4.67618561    
   754.993286       4.69205856    
   757.106079       5.12697887    
   759.218872       4.52697945    
   761.331726       3.50793290    
   763.444519       4.07936096    
   765.557312       3.40634584    
   767.669983       3.01936197    
   769.782776       2.70888615    
   771.895630       2.76920366    
   774.008423       2.51206088    
   776.121216       2.27142620    
   778.234009       1.83999813    
   780.346802       2.13491845    
   782.459595      0.968253016    
   784.572388       1.71333158    
   786.685181      0.747300863    
   788.797974       1.58317304    
   790.910828      0.615554929    
   793.023682       1.22095120    
   795.136475      0.505713761    
   797.249329      0.984443486    
   799.362122      0.426348776    
   801.474915       1.12730050    
   803.587585      0.951427639    
   805.700378      0.950792670    
   807.813171      0.834602356    
   809.926025      0.885395944    
   812.038818      0.459682077    
   814.151611      0.888570547    
   816.264404      0.588570833    
   818.377197      0.651745379    
   820.489990      0.774602413    
   822.602783      0.638094604    
   824.715576      0.510793149    
   826.828430      0.579047024    
   828.941284      0.424444020    
   831.054077      0.554285169    
   833.166870      0.514285207    
   835.279724      0.559047043    
   837.392517      0.494920135    
   839.505188      0.508570910    
   841.617981      0.369205981    
   843.730774      0.434285283    
   845.843628      0.252698153    
   847.956421      0.433967829    
