PSI_9212FR_WLtr124av8nobridgetarget_dispcorrk.ascii                                                                                                                                                     
                                                                                
 Time explicit
 Intervalnr            1
           6
   651.466125               0
   653.578918               0
   655.691711               0
   657.804382               0
   659.917175               0
   662.030029               0
   664.142822               0
   666.255615               0
   668.368408               0
   670.481201               0
   672.593994               0
   674.706787               0
   676.819580               0
   678.932373               0
   681.045288               0
   683.158081               0
   685.270874               0
   687.383728               0
   689.496521               0
   691.609314               0
   693.721985               0
   695.834778               0
   697.947571               0
   700.060425               0
   702.173218               0
   704.286011               0
   706.398804               0
   708.511597               0
   710.624390               0
   712.737183               0
   714.849976               0
   716.962891               0
   719.075684               0
   721.188477               0
   723.301270               0
   725.414124               0
   727.526917               0
   729.639587               0
   731.752380               0
   733.865173               0
   735.978027      0.134380817    
   738.090820      0.746348441    
   740.203613       1.14571309    
   742.316406       1.68190312    
   744.429199       2.23237872    
   746.541992       2.72475910    
   748.654785       3.63174248    
   750.767578       4.02856731    
   752.880371       4.67936039    
   754.993286       5.28888369    
   757.106079       5.94920063    
   759.218872       5.89205742    
   761.331726       6.85396147    
   763.444519       7.02221537    
   765.557312       8.07300758    
   767.669983       8.37776947    
   769.782776       9.64443493    
   771.895630       10.1777678    
   774.008423       11.3111000    
   776.121216       12.4349079    
   778.234009       13.5364943    
   780.346802       14.7015724    
   782.459595       15.6412544    
   784.572388       16.5809364    
   786.685181       17.6729984    
   788.797974       17.9555378    
   790.910828       18.6920452    
   793.023682       18.9269657    
   795.136475       18.0602989    
   797.249329       17.5587120    
   799.362122       16.5301418    
   801.474915       16.1047459    
   803.587585       14.5904617    
   805.700378       14.1428432    
   807.813171       13.3301458    
   809.926025       12.2825270    
   812.038818       11.3015757    
   814.151611       10.0888786    
   816.264404       8.80316544    
   818.377197       7.90475416    
   820.489990       6.58729506    
   822.602783       6.48253298    
   824.715576       5.46983576    
   826.828430       4.48888445    
   828.941284       3.95872617    
   831.054077       3.24444127    
   833.166870       3.04444146    
   835.279724       2.45428324    
   837.392517       1.78444266    
   839.505188       1.90602982    
   841.617981       1.34349072    
   843.730774       1.30666530    
   845.843628       1.23714161    
   847.956421       1.03904653    
