PSI_7521FR_WLtr124av8nobridgetarget_dispcorrl.ascii                                                                                                                                                     
                                                                                
 Time explicit
 Intervalnr            1
           7
   651.466125               0
   653.578918               0
   655.691711               0
   657.804382               0
   659.917175               0
   662.030029               0
   664.142822               0
   666.255615               0
   668.368408               0
   670.481201               0
   672.593994               0
   674.706787               0
   676.819580               0
   678.932373               0
   681.045288               0
   683.158081               0
   685.270874               0
   687.383728               0
   689.496521               0
   691.609314               0
   693.721985               0
   695.834778               0
   697.947571               0
   700.060425               0
   702.173218      0.358904004    
   704.286011      0.894165993    
   706.398804       1.60602403    
   708.511597       3.07019997    
   710.624390       4.45298004    
   712.737183       5.80244017    
   714.849976       7.31612015    
   716.962891       8.49184036    
   719.075684       9.88175964    
   721.188477       10.7790203    
   723.301270       11.5358601    
   725.414124       11.7857599    
   727.526917       12.0023403    
   729.639587       12.0832596    
   731.752380       12.1641798    
   733.865173       11.7334003    
   735.978027       11.2526398    
   738.090820       10.6028996    
   740.203613       10.5529203    
   742.316406       9.58425999    
   744.429199       8.72745991    
   746.541992       8.63939953    
   748.654785       8.44423962    
   750.767578       8.02060032    
   752.880371       7.60886002    
   754.993286       7.22805977    
   757.106079       6.93294001    
   759.218872       6.87582016    
   761.331726       6.24987984    
   763.444519       6.25226021    
   765.557312       6.18800020    
   767.669983       6.05471992    
   769.782776       5.57395983    
   771.895630       5.37166023    
   774.008423       4.99085999    
   776.121216       5.01465988    
   778.234009       4.55056000    
   780.346802       4.17927980    
   782.459595       3.93413997    
   784.572388       3.78182006    
   786.685181       3.28916001    
   788.797974       2.94882011    
   790.910828       2.86552000    
   793.023682       3.02974010    
   795.136475       3.03925991    
   797.249329       2.94643998    
   799.362122       2.97499990    
   801.474915       2.66321993    
   803.587585       2.27789807    
   805.700378       2.22244406    
   807.813171       1.93470204    
   809.926025       1.40039206    
   812.038818       1.18500197    
   814.151611      0.755649984    
   816.264404      0.876078010    
   818.377197      0.591430008    
   820.489990      0.478141993    
   822.602783      0.356761992    
   824.715576      0.259420007    
   826.828430      0.110336803    
   828.941284      0.160411999    
   831.054077       8.05630013E-02
   833.166870       6.48787990E-02
   835.279724               0
   837.392517       2.05179807E-02
   839.505188               0
   841.617981               0
   843.730774       6.27129991E-03
   845.843628               0
   847.956421               0
