PSI_7203FR_WLtr124av8nobridgetarget_dispcorrm.ascii                                                                                                                                                     
                                                                                
 Time explicit
 Intervalnr            1
          21
   651.466125       4.14587498    
   653.578918       4.21604061    
   655.691711       4.26700687    
   657.804382       4.45313311    
   659.917175       4.62335396    
   662.030029       4.80032015    
   664.142822       5.09204817    
   666.255615       5.73079300    
   668.368408       6.47035694    
   670.481201       7.17913723    
   672.593994       8.34338951    
   674.706787       9.48706818    
   676.819580       10.7934246    
   678.932373       11.5257111    
   681.045288       12.2118912    
   683.158081       12.6545086    
   685.270874       12.6371517    
   687.383728       11.7386932    
   689.496521       10.9252920    
   691.609314       9.49382687    
   693.721985       8.24391365    
   695.834778       7.21603298    
   697.947571       6.60700798    
   700.060425       5.95137167    
   702.173218       5.74803257    
   704.286011       5.44770098    
   706.398804       5.36212254    
   708.511597       5.22161627    
   710.624390       5.47474623    
   712.737183       5.50416851    
   714.849976       5.55284023    
   716.962891       5.46483421    
   719.075684       5.23665190    
   721.188477       5.01537132    
   723.301270       4.85668135    
   725.414124       4.47001076    
   727.526917       4.24907875    
   729.639587       4.13437605    
   731.752380       3.94191146    
   733.865173       3.87366295    
   735.978027       3.75306559    
   738.090820       3.67316890    
   740.203613       3.43913698    
   742.316406       3.41655850    
   744.429199       3.11929250    
   746.541992       2.99326038    
   748.654785       2.98192072    
   750.767578       2.69165802    
   752.880371       2.58818316    
   754.993286       2.43591642    
   757.106079       2.32828975    
   759.218872       2.17511749    
   761.331726       2.05631185    
   763.444519       1.86102116    
   765.557312       1.78712773    
   767.669983       1.63683379    
   769.782776       1.51030815    
   771.895630       1.40223312    
   774.008423       1.34510946    
   776.121216       1.22968209    
   778.234009       1.11631453    
   780.346802       1.08745682    
   782.459595       1.01813686    
   784.572388      0.931859076    
   786.685181      0.938733399    
   788.797974      0.894847929    
   790.910828      0.872657180    
   793.023682      0.843042493    
   795.136475      0.776894987    
   797.249329      0.781776011    
   799.362122      0.777137995    
   801.474915      0.715044618    
   803.587585      0.643337607    
   805.700378      0.644478202    
   807.813171      0.654370248    
   809.926025      0.674230039    
   812.038818      0.666505992    
   814.151611      0.609578371    
   816.264404      0.576385260    
   818.377197      0.556332946    
   820.489990      0.521897852    
   822.602783      0.520006955    
   824.715576      0.508592248    
   826.828430      0.477949947    
   828.941284      0.495207071    
   831.054077      0.460344493    
   833.166870      0.482673019    
   835.279724      0.420434743    
   837.392517      0.411071539    
   839.505188      0.389868230    
   841.617981      0.412393212    
   843.730774      0.395512015    
   845.843628      0.416159391    
   847.956421      0.388599187    
