PSI_7203FR_WLtr124av8nobridgetarget_dispcorrg.ascii                                                                                                                                                     
                                                                                
 Time explicit
 Intervalnr            1
           2
   651.466125               0
   653.578918               0
   655.691711               0
   657.804382       5.80679737E-02
   659.917175      0.184918851    
   662.030029      0.326499403    
   664.142822      0.485760927    
   666.255615      0.718670964    
   668.368408      0.957430303    
   670.481201       1.28313208    
   672.593994       1.77979398    
   674.706787       2.08555484    
   676.819580       2.85554051    
   678.932373       3.52821422    
   681.045288       4.08124256    
   683.158081       4.99320745    
   685.270874       5.90251398    
   687.383728       6.34653187    
   689.496521       7.18139172    
   691.609314       7.83279514    
   693.721985       8.92024040    
   695.834778       9.77105331    
   697.947571       10.2815409    
   700.060425       10.6537714    
   702.173218       11.4806557    
   704.286011       12.3633738    
   706.398804       12.4138908    
   708.511597       12.6983814    
   710.624390       13.0918818    
   712.737183       13.1955748    
   714.849976       12.9695778    
   716.962891       12.4298429    
   719.075684       11.4912901    
   721.188477       11.0260019    
   723.301270       9.95450974    
   725.414124       9.07445049    
   727.526917       8.73146629    
   729.639587       7.98700523    
   731.752380       7.43663549    
   733.865173       6.83840799    
   735.978027       5.97164249    
   738.090820       5.70842218    
   740.203613       5.13944101    
   742.316406       4.46942616    
   744.429199       3.96159720    
   746.541992       3.99882007    
   748.654785       3.74623513    
   750.767578       3.78079939    
   752.880371       3.75155258    
   754.993286       3.51226163    
   757.106079       3.15066624    
   759.218872       3.16396022    
   761.331726       3.01506782    
   763.444519       3.04431462    
   765.557312       3.16927767    
   767.669983       3.04697323    
   769.782776       2.91935134    
   771.895630       2.69069552    
   774.008423       2.45911479    
   776.121216       2.49713564    
   778.234009       2.50644135    
   780.346802       2.43438816    
   782.459595       2.23763776    
   784.572388       2.40301442    
   786.685181       2.24375296    
   788.797974       2.08502316    
   790.910828       1.96856809    
   793.023682       1.85078371    
   795.136475       1.81329477    
   797.249329       1.81595361    
   799.362122       1.73379695    
   801.474915       1.60032570    
   803.587585       1.53598297    
   805.700378       1.34747481    
   807.813171       1.23660326    
   809.926025       1.04543626    
   812.038818      0.872349024    
   814.151611      0.710694551    
   816.264404      0.657518744    
   818.377197      0.576425672    
   820.489990      0.398286730    
   822.602783      0.589985490    
   824.715576      0.548242509    
   826.828430      0.483368009    
   828.941284      0.299645633    
   831.054077      0.307356119    
   833.166870      0.255217254    
   835.279724      0.166812479    
   837.392517      0.156150743    
   839.505188      0.136768162    
   841.617981       8.07474554E-02
   843.730774       3.48833241E-02
   845.843628       8.97607487E-03
   847.956421       8.22097878E-04
