PSI_7521FR_WLtr124av8nobridgetarget_dispcorrm.ascii                                                                                                                                                     
                                                                                
 Time explicit
 Intervalnr            1
          19
   651.466125               0
   653.578918               0
   655.691711               0
   657.804382               0
   659.917175               0
   662.030029               0
   664.142822               0
   666.255615               0
   668.368408               0
   670.481201               0
   672.593994               0
   674.706787               0
   676.819580               0
   678.932373               0
   681.045288               0
   683.158081               0
   685.270874               0
   687.383728               0
   689.496521               0
   691.609314               0
   693.721985               0
   695.834778               0
   697.947571               0
   700.060425      0.486948013    
   702.173218      0.569772005    
   704.286011      0.750176013    
   706.398804      0.879410028    
   708.511597       1.01911604    
   710.624390       1.26616001    
   712.737183       1.56199396    
   714.849976       1.91709006    
   716.962891       2.36072206    
   719.075684       2.85123992    
   721.188477       3.40102005    
   723.301270       4.01268005    
   725.414124       4.60767984    
   727.526917       5.17174006    
   729.639587       5.73818016    
   731.752380       6.22132015    
   733.865173       6.38554001    
   735.978027       6.48074007    
   738.090820       6.59736013    
   740.203613       6.38554001    
   742.316406       6.07138014    
   744.429199       5.73818016    
   746.541992       5.25979996    
   748.654785       4.95991993    
   750.767578       4.17927980    
   752.880371       3.79372001    
   754.993286       3.34152007    
   757.106079       2.91788006    
   759.218872       2.44901991    
   761.331726       2.18103194    
   763.444519       1.83878803    
   765.557312       1.62244594    
   767.669983       1.35445797    
   769.782776       1.28567600    
   771.895630       1.09884596    
   774.008423      0.982702017    
   776.121216      0.913443983    
   778.234009      0.828239977    
   780.346802      0.806819975    
   782.459595      0.813722014    
   784.572388      0.753507972    
   786.685181      0.733753979    
   788.797974      0.706622005    
   790.910828      0.653548002    
   793.023682      0.675920010    
   795.136475      0.700909972    
   797.249329      0.838949978    
   799.362122      0.803012013    
   801.474915      0.734943986    
   803.587585      0.679727972    
   805.700378      0.622608006    
   807.813171      0.528122008    
   809.926025      0.570486009    
   812.038818      0.587383986    
   814.151611      0.560490012    
   816.264404      0.483377993    
   818.377197      0.431970000    
   820.489990      0.416738003    
   822.602783      0.421974003    
   824.715576      0.381752014    
   826.828430      0.296786010    
   828.941284      0.330105990    
   831.054077      0.305592000    
   833.166870      0.279650003    
   835.279724      0.249899998    
   837.392517      0.209368601    
   839.505188      0.218460202    
   841.617981      0.200062796    
   843.730774      0.175405994    
   845.843628      0.165552795    
   847.956421      0.132875398    
