PSI_9212FR_WLtr124av8nobridgetarget_dispcorrn.ascii                                                                                                                                                     
                                                                                
 Time explicit
 Intervalnr            1
          19
   651.466125               0
   653.578918               0
   655.691711               0
   657.804382               0
   659.917175               0
   662.030029               0
   664.142822               0
   666.255615               0
   668.368408               0
   670.481201               0
   672.593994               0
   674.706787               0
   676.819580               0
   678.932373               0
   681.045288               0
   683.158081               0
   685.270874               0
   687.383728               0
   689.496521               0
   691.609314               0
   693.721985               0
   695.834778               0
   697.947571               0
   700.060425      0.649523139    
   702.173218      0.759999216    
   704.286011       1.00063396    
   706.398804       1.17301464    
   708.511597       1.35936368    
   710.624390       1.68888724    
   712.737183       2.08348989    
   714.849976       2.55714035    
   716.962891       3.14888573    
   719.075684       3.80317068    
   721.188477       4.53650331    
   723.301270       5.35237551    
   725.414124       6.14602566    
   727.526917       6.89840603    
   729.639587       7.65396070    
   731.752380       8.29840469    
   733.865173       8.51745224    
   735.978027       8.64443588    
   738.090820       8.79999161    
   740.203613       8.51745224    
   742.316406       8.09840488    
   744.429199       7.65396070    
   746.541992       7.01586580    
   748.654785       6.61586618    
   750.767578       5.57459784    
   752.880371       5.06031227    
   754.993286       4.45713854    
   757.106079       3.89205956    
   759.218872       3.26666331    
   761.331726       2.90920353    
   763.444519       2.45269585    
   765.557312       2.16412473    
   767.669983       1.80666482    
   769.782776       1.71491897    
   771.895630       1.46571279    
   774.008423       1.31079233    
   776.121216       1.21841145    
   778.234009       1.10476077    
   780.346802       1.07618940    
   782.459595       1.08539569    
   784.572388       1.00507832    
   786.685181      0.978729188    
   788.797974      0.942538738    
   790.910828      0.871745169    
   793.023682      0.901586413    
   795.136475      0.934919715    
   797.249329       1.11904645    
   799.362122       1.07111001    
   801.474915      0.980316460    
   803.587585      0.906665742    
   805.700378      0.830475330    
   807.813171      0.704443753    
   809.926025      0.760951638    
   812.038818      0.783491254    
   814.151611      0.747618318    
   816.264404      0.644761264    
   818.377197      0.576189876    
   820.489990      0.555872440    
   822.602783      0.562856555    
   824.715576      0.509205818    
   826.828430      0.395872623    
   828.941284      0.440317035    
   831.054077      0.407618642    
   833.166870      0.373015493    
   835.279724      0.333332986    
   837.392517      0.279269576    
   839.505188      0.291396528    
   841.617981      0.266856879    
   843.730774      0.233968019    
   845.843628      0.220825180    
   847.956421      0.177237913    
