PSI_9212FR_WLtr124av8nobridgetarget_dispcorrm.ascii                                                                                                                                                     
                                                                                
 Time explicit
 Intervalnr            1
          18
   651.466125      0.959681571    
   653.578918       1.13999891    
   655.691711       1.35587168    
   657.804382       1.64698243    
   659.917175       2.23968029    
   662.030029       3.07364774    
   664.142822       4.29205942    
   666.255615       6.00634336    
   668.368408       8.05713463    
   670.481201       10.2730055    
   672.593994       13.1110983    
   674.706787       15.9206190    
   676.819580       18.0412521    
   678.932373       19.2126789    
   681.045288       19.4698219    
   683.158081       19.6126785    
   685.270874       18.4634743    
   687.383728       16.3110943    
   689.496521       14.7269697    
   691.609314       12.1809406    
   693.721985       9.72379971    
   695.834778       8.17142010    
   697.947571       7.14284992    
   700.060425       5.25713778    
   702.173218       4.72380495    
   704.286011       3.85396433    
   706.398804       3.23174286    
   708.511597       3.13840961    
   710.624390       2.59555292    
   712.737183       2.44729924    
   714.849976       2.34698176    
   716.962891       2.38444209    
   719.075684       2.38380718    
   721.188477       2.83872724    
   723.301270       2.73015594    
   725.414124       2.78475904    
   727.526917       2.68507671    
   729.639587       2.86444163    
   731.752380       3.16221905    
   733.865173       2.60317206    
   735.978027       2.61015606    
   738.090820       2.61714029    
   740.203613       2.65174341    
   742.316406       2.46126747    
   744.429199       2.26380730    
   746.541992       2.17333126    
   748.654785       1.91047430    
   750.767578       1.82126796    
   752.880371       1.65015709    
   754.993286       1.55047464    
   757.106079       1.36920500    
   759.218872       1.50539529    
   761.331726       1.23999882    
   763.444519       1.18666553    
   765.557312       1.07333231    
   767.669983      0.925713360    
   769.782776      0.868253112    
   771.895630      0.897776902    
   774.008423      0.982856154    
   776.121216      0.969205379    
   778.234009      0.807935715    
   780.346802      0.863491178    
   782.459595      0.723173857    
   784.572388      0.759046853    
   786.685181      0.823173761    
   788.797974      0.883491158    
   790.910828       1.03142750    
   793.023682       1.07745922    
   795.136475      0.974919677    
   797.249329      0.817776978    
   799.362122      0.938729227    
   801.474915      0.867618203    
   803.587585      0.940951467    
   805.700378       1.09745920    
   807.813171       1.27650666    
   809.926025       1.44571280    
   812.038818       1.31079233    
   814.151611       1.29460192    
   816.264404       1.33206213    
   818.377197       1.40634775    
   820.489990       1.45587158    
   822.602783       1.48412549    
   824.715576       1.59618890    
   826.828430       1.60666502    
   828.941284       1.67333162    
   831.054077       1.68349040    
   833.166870       1.75936329    
   835.279724       1.67555392    
   837.392517       1.73523641    
   839.505188       1.72126818    
   841.617981       1.78602993    
   843.730774       1.78856969    
   845.843628       1.85936320    
   847.956421       1.91015685    
