PSI_7203FR_WLtr124av8nobridgetarget_dispcorrk.ascii                                                                                                                                                     
                                                                                
 Time explicit
 Intervalnr            1
          17
   651.466125               0
   653.578918               0
   655.691711               0
   657.804382               0
   659.917175               0
   662.030029               0
   664.142822               0
   666.255615               0
   668.368408               0
   670.481201               0
   672.593994               0
   674.706787               0
   676.819580               0
   678.932373               0
   681.045288               0
   683.158081               0
   685.270874               0
   687.383728               0
   689.496521               0
   691.609314               0
   693.721985               0
   695.834778               0
   697.947571               0
   700.060425               0
   702.173218               0
   704.286011               0
   706.398804               0
   708.511597               0
   710.624390               0
   712.737183               0
   714.849976               0
   716.962891               0
   719.075684               0
   721.188477               0
   723.301270               0
   725.414124               0
   727.526917               0
   729.639587               0
   731.752380               0
   733.865173               0
   735.978027      0.112546578    
   738.090820      0.625081539    
   740.203613      0.959557295    
   742.316406       1.40862691    
   744.429199       1.86966109    
   746.541992       2.28203940    
   748.654785       3.04165578    
   750.767578       3.37400460    
   752.880371       3.91905642    
   754.993286       4.42954397    
   757.106079       4.98257256    
   759.218872       4.93471432    
   761.331726       5.74032784    
   763.444519       5.88124371    
   765.557312       6.76130295    
   767.669983       7.01654673    
   769.782776       8.07740402    
   771.895630       8.52408028    
   774.008423       9.47326851    
   776.121216       10.4144802    
   778.234009       11.3370810    
   780.346802       12.3128567    
   782.459595       13.0998583    
   784.572388       13.8868599    
   786.685181       14.8014841    
   788.797974       15.0381165    
   790.910828       15.6549559    
   793.023682       15.8517056    
   795.136475       15.1258564    
   797.249329       14.7057676    
   799.362122       13.8443193    
   801.474915       12.8924723    
   803.587585       11.8608618    
   805.700378       11.5790300    
   807.813171       10.8319101    
   809.926025       10.4224567    
   812.038818       9.52910328    
   814.151611       8.78198338    
   816.264404       7.65997410    
   818.377197       6.92880678    
   820.489990       6.25081539    
   822.602783       5.81477356    
   824.715576       4.97725487    
   826.828430       4.51728439    
   828.941284       4.14505339    
   831.054077       3.70103574    
   833.166870       3.39793372    
   835.279724       2.90073991    
   837.392517       2.62980914    
   839.505188       2.39317679    
   841.617981       2.26156688    
   843.730774       2.06853867    
   845.843628       1.80478668    
   847.956421       1.57187665    
