PSI_7335FR_WLtr124av8nobridgetarget_dispcorrf.ascii                                                                                                                                                     
                                                                                
 Time explicit
 Intervalnr            1
           8
   651.466125      0.295405000    
   653.578918      0.359364986    
   655.691711      0.518239975    
   657.804382      0.589990020    
   659.917175      0.732259989    
   662.030029      0.870019972    
   664.142822       1.31158996    
   666.255615       1.84623003    
   668.368408       2.58833003    
   670.481201       3.54937005    
   672.593994       4.72319984    
   674.706787       6.48210001    
   676.819580       8.28610039    
   678.932373       9.96710014    
   681.045288       11.9146004    
   683.158081       14.0220003    
   685.270874       15.1576996    
   687.383728       15.8547001    
   689.496521       15.4652004    
   691.609314       13.4069996    
   693.721985       10.5082998    
   695.834778       8.77400017    
   697.947571       6.99459982    
   700.060425       5.14139986    
   702.173218       3.71542001    
   704.286011       1.71133995    
   706.398804       1.11561000    
   708.511597      0.408892989    
   710.624390               0
   712.737183               0
   714.849976               0
   716.962891               0
   719.075684               0
   721.188477               0
   723.301270               0
   725.414124               0
   727.526917               0
   729.639587               0
   731.752380               0
   733.865173               0
   735.978027               0
   738.090820               0
   740.203613               0
   742.316406      0.215414003    
   744.429199      0.594089985    
   746.541992      0.537509978    
   748.654785      0.538739979    
   750.767578       1.07297003    
   752.880371      0.716679990    
   754.993286      0.832710028    
   757.106079      0.934800029    
   759.218872      0.537919998    
   761.331726      0.661740005    
   763.444519      0.221809998    
   765.557312       3.41242999E-02
   767.669983               0
   769.782776       5.87119982E-02
   771.895630               0
   774.008423               0
   776.121216               0
   778.234009               0
   780.346802               0
   782.459595               0
   784.572388               0
   786.685181               0
   788.797974               0
   790.910828               0
   793.023682               0
   795.136475               0
   797.249329               0
   799.362122               0
   801.474915               0
   803.587585               0
   805.700378               0
   807.813171               0
   809.926025               0
   812.038818       8.22050031E-03
   814.151611       6.12539984E-02
   816.264404       7.49479979E-02
   818.377197       5.22340015E-02
   820.489990      0.164000005    
   822.602783       3.74452993E-02
   824.715576      0.107133001    
   826.828430      0.116235003    
   828.941284      0.169248000    
   831.054077      0.128821999    
   833.166870      0.262645990    
   835.279724      0.218365997    
   837.392517      0.272363007    
   839.505188      0.198726997    
   841.617981      0.241817996    
   843.730774      0.254446000    
   845.843628      0.235544994    
   847.956421      0.202457994    
