PSI_7335FR_WLtr124av8nobridgetarget_dispcorrh.ascii                                                                                                                                                     
                                                                                
 Time explicit
 Intervalnr            1
           3
   651.466125               0
   653.578918               0
   655.691711               0
   657.804382               0
   659.917175               0
   662.030029               0
   664.142822               0
   666.255615               0
   668.368408               0
   670.481201               0
   672.593994               0
   674.706787               0
   676.819580               0
   678.932373               0
   681.045288               0
   683.158081               0
   685.270874               0
   687.383728               0
   689.496521               0
   691.609314               0
   693.721985       1.77078998    
   695.834778       3.07294989    
   697.947571       4.55509996    
   700.060425       6.08440018    
   702.173218       8.06060028    
   704.286011       9.95479965    
   706.398804       11.6234999    
   708.511597       13.3619003    
   710.624390       15.2110004    
   712.737183       16.9904003    
   714.849976       17.8677998    
   716.962891       19.3724995    
   719.075684       20.1884003    
   721.188477       20.9920006    
   723.301270       21.2052002    
   725.414124       21.0412006    
   727.526917       20.7500992    
   729.639587       20.6312008    
   731.752380       19.6882000    
   733.865173       18.7000999    
   735.978027       18.0687008    
   738.090820       17.2159004    
   740.203613       15.6086998    
   742.316406       14.6246996    
   744.429199       13.4480000    
   746.541992       12.0007000    
   748.654785       11.3733997    
   750.767578       9.74569988    
   752.880371       9.59399986    
   754.993286       8.85190010    
   757.106079       8.26560020    
   759.218872       7.66699982    
   761.331726       7.04790020    
   763.444519       6.76090002    
   765.557312       6.30170012    
   767.669983       6.08029985    
   769.782776       5.36280012    
   771.895630       5.26440001    
   774.008423       4.67810011    
   776.121216       4.55100012    
   778.234009       4.28450012    
   780.346802       4.09918022    
   782.459595       3.66704011    
   784.572388       3.82694006    
   786.685181       3.59528995    
   788.797974       3.30541992    
   790.910828       2.95528007    
   793.023682       2.88885999    
   795.136475       3.05819011    
   797.249329       2.94830990    
   799.362122       2.53502989    
   801.474915       2.27550006    
   803.587585       2.22548008    
   805.700378       2.02212000    
   807.813171       1.97948003    
   809.926025       1.78883004    
   812.038818       1.37186003    
   814.151611       1.51330996    
   816.264404       1.30871999    
   818.377197       1.27427995    
   820.489990       1.10290003    
   822.602783       1.08281004    
   824.715576      0.893800020    
   826.828430      0.840499997    
   828.941284      0.830659986    
   831.054077      0.855669975    
   833.166870      0.642880023    
   835.279724      0.561290026    
   837.392517      0.495279998    
   839.505188      0.470270008    
   841.617981      0.456739992    
   843.730774      0.365022987    
   845.843628      0.332509995    
   847.956421      0.288066000    
