PSI_9212FR_WLtr124av8nobridgetarget_dispcorrf.ascii                                                                                                                                                     
                                                                                
 Time explicit
 Intervalnr            1
           1
   651.466125      0.211936295    
   653.578918      0.260348946    
   655.691711      0.384761512    
   657.804382      0.499682039    
   659.917175      0.629523158    
   662.030029      0.901586413    
   664.142822       1.24222100    
   666.255615       1.77904582    
   668.368408       2.49682283    
   670.481201       3.30158401    
   672.593994       4.46983671    
   674.706787       5.91110516    
   676.819580       7.74602413    
   678.932373       9.46665764    
   681.045288       11.6031628    
   683.158081       13.4571295    
   685.270874       15.4825239    
   687.383728       16.4539509    
   689.496521       17.4031563    
   691.609314       16.4507771    
   693.721985       14.8761759    
   695.834778       13.1777649    
   697.947571       11.3714170    
   700.060425       9.29840374    
   702.173218       8.07300758    
   704.286011       6.20951748    
   706.398804       5.22221708    
   708.511597       4.17777348    
   710.624390       3.85078979    
   712.737183       3.56825042    
   714.849976       3.42539334    
   716.962891       3.21904445    
   719.075684       2.75206065    
   721.188477       2.76190209    
   723.301270       2.64190221    
   725.414124       2.39523578    
   727.526917       2.44634676    
   729.639587       2.51745772    
   731.752380       2.47015619    
   733.865173       2.66348934    
   735.978027       2.72983861    
   738.090820       2.40761662    
   740.203613       2.46856904    
   742.316406       2.77491784    
   744.429199       2.80825114    
   746.541992       2.68221951    
   748.654785       2.70126724    
   750.767578       2.61460066    
   752.880371       2.28253746    
   754.993286       2.32317233    
   757.106079       1.88476002    
   759.218872       1.72952211    
   761.331726       1.83714104    
   763.444519       1.59618890    
   765.557312       1.63587141    
   767.669983       1.37237954    
   769.782776       1.12412584    
   771.895630       1.15841150    
   774.008423       1.10444331    
   776.121216      0.951110184    
   778.234009      0.793649971    
   780.346802      0.776189685    
   782.459595      0.735872269    
   784.572388      0.579681933    
   786.685181      0.499364585    
   788.797974      0.434602737    
   790.910828      0.476507455    
   793.023682      0.629523158    
   795.136475      0.685713589    
   797.249329      0.538094699    
   799.362122      0.688570738    
   801.474915      0.506983638    
   803.587585      0.388571054    
   805.700378      0.452380508    
   807.813171      0.435555130    
   809.926025      0.417459905    
   812.038818      0.411110699    
   814.151611      0.321586967    
   816.264404      0.309650481    
   818.377197      0.274444163    
   820.489990      0.231237859    
   822.602783      0.243237853    
   824.715576      0.221237868    
   826.828430      0.196412504    
   828.941284      0.233523577    
   831.054077      0.197396621    
   833.166870      0.187714100    
   835.279724      0.172158554    
   837.392517      0.131523684    
   839.505188      0.138253823    
   841.617981      0.134380817    
   843.730774      0.143555418    
   845.843628      0.135015741    
   847.956421       8.69522914E-02
